,pep_seq,pep_start,pep_end,missed_cleaves,mass1,hyd_count,deam_count,species,genus,subfamily,family,order,pep_diff,pep_id,pep_score
0,QLSYGYDEK,1,9,0,1118.49928094862,1,0,Budorcas taxicolor,Budorcas,Caprinae,Bovidae,Artiodactyla,8,1,38.97
1,QLSYGYDEK,1,9,0,1102.50513094862,0,0,Budorcas taxicolor,Budorcas,Caprinae,Bovidae,Artiodactyla,8,1,41.74
2,QLSYGYDEKSTGISVPGPMGPSGPR,1,25,1,2612.22817873423,2,0,Budorcas taxicolor,Budorcas,Caprinae,Bovidae,Artiodactyla,24,2,3.72
3,STGISVPGPMGPSGPR,10,25,0,1544.7350389360802,3,0,Budorcas taxicolor,Budorcas,Caprinae,Bovidae,Artiodactyla,15,4,13.87
4,STGISVPGPMGPSGPR,10,25,0,1528.7408889360802,2,0,Budorcas taxicolor,Budorcas,Caprinae,Bovidae,Artiodactyla,15,4,38.58
5,STGISVPGPMGPSGPR,10,25,0,1496.7525889360802,0,0,Budorcas taxicolor,Budorcas,Caprinae,Bovidae,Artiodactyla,15,4,45.79
6,STGISVPGPMGPSGPR,10,25,0,1512.7467389360802,1,0,Budorcas taxicolor,Budorcas,Caprinae,Bovidae,Artiodactyla,15,4,52.58
7,GLPGPPGAPGPQGFQGPPGEPGEPGASGPMGPR,26,58,0,3037.4093314009897,2,1,Budorcas taxicolor,Budorcas,Caprinae,Bovidae,Artiodactyla,32,6,0.11
8,GLPGPPGAPGPQGFQGPPGEPGEPGASGPMGPR,26,58,0,3165.3625314009896,10,1,Budorcas taxicolor,Budorcas,Caprinae,Bovidae,Artiodactyla,32,6,3.27
9,GLPGPPGAPGPQGFQGPPGEPGEPGASGPMGPR,26,58,0,3102.36994740099,6,2,Budorcas taxicolor,Budorcas,Caprinae,Bovidae,Artiodactyla,32,6,5.98
10,GLPGPPGAPGPQGFQGPPGEPGEPGASGPMGPR,26,58,0,3052.41946540099,3,0,Budorcas taxicolor,Budorcas,Caprinae,Bovidae,Artiodactyla,32,6,8.05
11,GLPGPPGAPGPQGFQGPPGEPGEPGASGPMGPR,26,58,0,3118.36409740099,7,2,Budorcas taxicolor,Budorcas,Caprinae,Bovidae,Artiodactyla,32,6,10.05
12,GLPGPPGAPGPQGFQGPPGEPGEPGASGPMGPR,26,58,0,3117.3800814009896,7,1,Budorcas taxicolor,Budorcas,Caprinae,Bovidae,Artiodactyla,32,6,11.46
13,GLPGPPGAPGPQGFQGPPGEPGEPGASGPMGPR,26,58,0,3133.3742314009896,8,1,Budorcas taxicolor,Budorcas,Caprinae,Bovidae,Artiodactyla,32,6,15.67
14,GLPGPPGAPGPQGFQGPPGEPGEPGASGPMGPR,26,58,0,3085.3917814009897,5,1,Budorcas taxicolor,Budorcas,Caprinae,Bovidae,Artiodactyla,32,6,15.91
15,GLPGPPGAPGPQGFQGPPGEPGEPGASGPMGPR,26,58,0,3068.41361540099,4,0,Budorcas taxicolor,Budorcas,Caprinae,Bovidae,Artiodactyla,32,6,19.42
16,GLPGPPGAPGPQGFQGPPGEPGEPGASGPMGPR,26,58,0,3101.3859314009896,6,1,Budorcas taxicolor,Budorcas,Caprinae,Bovidae,Artiodactyla,32,6,19.6
17,GLPGPPGAPGPQGFQGPPGEPGEPGASGPMGPR,26,58,0,3084.40776540099,5,0,Budorcas taxicolor,Budorcas,Caprinae,Bovidae,Artiodactyla,32,6,19.61
18,GLPGPPGAPGPQGFQGPPGEPGEPGASGPMGPR,26,58,0,3100.4019154009898,6,0,Budorcas taxicolor,Budorcas,Caprinae,Bovidae,Artiodactyla,32,6,23.18
19,GLPGPPGAPGPQGFQGPPGEPGEPGASGPMGPR,26,58,0,3116.3960654009898,7,0,Budorcas taxicolor,Budorcas,Caprinae,Bovidae,Artiodactyla,32,6,23.88
20,GLPGPPGAPGPQGFQGPPGEPGEPGASGPMGPR,26,58,0,3132.3902154009897,8,0,Budorcas taxicolor,Budorcas,Caprinae,Bovidae,Artiodactyla,32,6,25.15
21,GLPGPPGAPGPQGFQGPPGEPGEPGASGPMGPRGPPGPPGK,26,66,1,3787.7723249721,6,0,Budorcas taxicolor,Budorcas,Caprinae,Bovidae,Artiodactyla,40,7,1.75
22,GLPGPPGAPGPQGFQGPPGEPGEPGASGPMGPRGPPGPPGK,26,66,1,3773.7462069721,5,2,Budorcas taxicolor,Budorcas,Caprinae,Bovidae,Artiodactyla,40,7,3.11
23,GLPGPPGAPGPQGFQGPPGEPGEPGASGPMGPRGPPGPPGK,26,66,1,3835.7547749721,9,0,Budorcas taxicolor,Budorcas,Caprinae,Bovidae,Artiodactyla,40,7,9.73
24,GPPGPPGK,59,66,0,722.38240072158,1,0,Budorcas taxicolor,Budorcas,Caprinae,Bovidae,Artiodactyla,7,8,7.47
25,GPPGPPGK,59,66,0,754.37070072158,3,0,Budorcas taxicolor,Budorcas,Caprinae,Bovidae,Artiodactyla,7,8,9.31
26,NGDDGEAGKPGRPGER,67,82,0,1643.73528596167,2,0,Budorcas taxicolor,Budorcas,Caprinae,Bovidae,Artiodactyla,15,10,27.09
27,NGDDGEAGKPGRPGER,67,82,0,1644.71930196167,2,1,Budorcas taxicolor,Budorcas,Caprinae,Bovidae,Artiodactyla,15,10,31.64
28,NGDDGEAGKPGRPGER,67,82,0,1628.72515196167,1,1,Budorcas taxicolor,Budorcas,Caprinae,Bovidae,Artiodactyla,15,10,41.7
29,NGDDGEAGKPGRPGER,67,82,0,1627.74113596167,1,0,Budorcas taxicolor,Budorcas,Caprinae,Bovidae,Artiodactyla,15,10,45.54
30,GPPGPQGAR,83,91,0,868.4256261723199,2,0,Budorcas taxicolor,Budorcas,Caprinae,Bovidae,Artiodactyla,8,16,1.67
31,GPPGPQGAR,83,91,0,836.4373261723199,0,0,Budorcas taxicolor,Budorcas,Caprinae,Bovidae,Artiodactyla,8,16,1.92
32,GPPGPQGAR,83,91,0,884.4197761723199,3,0,Budorcas taxicolor,Budorcas,Caprinae,Bovidae,Artiodactyla,8,16,14.66
33,GPPGPQGAR,83,91,0,853.4154921723199,1,1,Budorcas taxicolor,Budorcas,Caprinae,Bovidae,Artiodactyla,8,16,30.08
34,GPPGPQGAR,83,91,0,852.4314761723199,1,0,Budorcas taxicolor,Budorcas,Caprinae,Bovidae,Artiodactyla,8,16,39.1
35,GPPGPQGARGLPGTAGLPGMK,83,103,1,1932.01122688667,1,0,Budorcas taxicolor,Budorcas,Caprinae,Bovidae,Artiodactyla,20,17,4.55
36,GPPGPQGARGLPGTAGLPGMK,83,103,1,1980.9776928866704,4,1,Budorcas taxicolor,Budorcas,Caprinae,Bovidae,Artiodactyla,20,17,5.71
37,GLPGTAGLPGMK,92,103,0,1162.57419186482,4,0,Budorcas taxicolor,Budorcas,Caprinae,Bovidae,Artiodactyla,11,19,22.27
38,GLPGTAGLPGMK,92,103,0,1146.58004186482,3,0,Budorcas taxicolor,Budorcas,Caprinae,Bovidae,Artiodactyla,11,19,37.56
39,GLPGTAGLPGMK,92,103,0,1130.58589186482,2,0,Budorcas taxicolor,Budorcas,Caprinae,Bovidae,Artiodactyla,11,19,50.66
40,GLPGTAGLPGMKGHR,92,106,1,1496.76152846744,3,0,Budorcas taxicolor,Budorcas,Caprinae,Bovidae,Artiodactyla,14,20,8.18
41,GLPGTAGLPGMKGHR,92,106,1,1512.75567846744,4,0,Budorcas taxicolor,Budorcas,Caprinae,Bovidae,Artiodactyla,14,20,9.47
42,GHRGFSGLDGAK,104,115,1,1201.60724503173,0,0,Budorcas taxicolor,Budorcas,Caprinae,Bovidae,Artiodactyla,11,21,48.14
43,GFSGLDGAK,107,115,0,851.4257584291099,0,0,Budorcas taxicolor,Budorcas,Caprinae,Bovidae,Artiodactyla,8,22,41.79
44,GFSGLDGAK,107,115,0,867.4199084291099,1,0,Budorcas taxicolor,Budorcas,Caprinae,Bovidae,Artiodactyla,8,22,46.11
45,GFSGLDGAKGDAGPAGPK,107,124,1,1601.79181089577,0,0,Budorcas taxicolor,Budorcas,Caprinae,Bovidae,Artiodactyla,17,23,78.62
46,GFSGLDGAKGDAGPAGPK,107,124,1,1617.78596089577,1,0,Budorcas taxicolor,Budorcas,Caprinae,Bovidae,Artiodactyla,17,23,79.88
47,GDAGPAGPK,116,124,0,785.37804361713,1,0,Budorcas taxicolor,Budorcas,Caprinae,Bovidae,Artiodactyla,8,25,6.9
48,GDAGPAGPK,116,124,0,801.3721936171299,2,0,Budorcas taxicolor,Budorcas,Caprinae,Bovidae,Artiodactyla,8,25,10.48
49,GDAGPAGPK,116,124,0,769.38389361713,0,0,Budorcas taxicolor,Budorcas,Caprinae,Bovidae,Artiodactyla,8,25,24.78
50,GDAGPAGPKGEPGSPGENGAPGQMGPR,116,142,1,2477.10946058388,2,0,Budorcas taxicolor,Budorcas,Caprinae,Bovidae,Artiodactyla,26,26,1.76
51,GDAGPAGPKGEPGSPGENGAPGQMGPR,116,142,1,2542.0700765838797,6,1,Budorcas taxicolor,Budorcas,Caprinae,Bovidae,Artiodactyla,26,26,22.52
52,GDAGPAGPKGEPGSPGENGAPGQMGPR,116,142,1,2495.07164258388,3,2,Budorcas taxicolor,Budorcas,Caprinae,Bovidae,Artiodactyla,26,26,33.77
53,GDAGPAGPKGEPGSPGENGAPGQMGPR,116,142,1,2511.06579258388,4,2,Budorcas taxicolor,Budorcas,Caprinae,Bovidae,Artiodactyla,26,26,35.95
54,GDAGPAGPKGEPGSPGENGAPGQMGPR,116,142,1,2527.05994258388,5,2,Budorcas taxicolor,Budorcas,Caprinae,Bovidae,Artiodactyla,26,26,37.04
55,GDAGPAGPKGEPGSPGENGAPGQMGPR,116,142,1,2525.09191058388,5,0,Budorcas taxicolor,Budorcas,Caprinae,Bovidae,Artiodactyla,26,26,39.95
56,GDAGPAGPKGEPGSPGENGAPGQMGPR,116,142,1,2493.10361058388,3,0,Budorcas taxicolor,Budorcas,Caprinae,Bovidae,Artiodactyla,26,26,46.3
57,GDAGPAGPKGEPGSPGENGAPGQMGPR,116,142,1,2510.0817765838797,4,1,Budorcas taxicolor,Budorcas,Caprinae,Bovidae,Artiodactyla,26,26,46.32
58,GDAGPAGPKGEPGSPGENGAPGQMGPR,116,142,1,2526.0759265838797,5,1,Budorcas taxicolor,Budorcas,Caprinae,Bovidae,Artiodactyla,26,26,49.61
59,GDAGPAGPKGEPGSPGENGAPGQMGPR,116,142,1,2509.09776058388,4,0,Budorcas taxicolor,Budorcas,Caprinae,Bovidae,Artiodactyla,26,26,51.41
60,GDAGPAGPKGEPGSPGENGAPGQMGPR,116,142,1,2494.0876265838797,3,1,Budorcas taxicolor,Budorcas,Caprinae,Bovidae,Artiodactyla,26,26,63.16
61,GEPGSPGENGAPGQMGPR,125,142,0,1711.7332741172202,1,1,Budorcas taxicolor,Budorcas,Caprinae,Bovidae,Artiodactyla,17,28,2.49
62,GEPGSPGENGAPGQMGPR,125,142,0,1728.71144011722,2,2,Budorcas taxicolor,Budorcas,Caprinae,Bovidae,Artiodactyla,17,28,4.0
63,GEPGSPGENGAPGQMGPR,125,142,0,1726.74340811722,2,0,Budorcas taxicolor,Budorcas,Caprinae,Bovidae,Artiodactyla,17,28,4.74
64,GEPGSPGENGAPGQMGPR,125,142,0,1775.70987411722,5,1,Budorcas taxicolor,Budorcas,Caprinae,Bovidae,Artiodactyla,17,28,29.97
65,GEPGSPGENGAPGQMGPR,125,142,0,1727.7274241172202,2,1,Budorcas taxicolor,Budorcas,Caprinae,Bovidae,Artiodactyla,17,28,32.02
66,GEPGSPGENGAPGQMGPR,125,142,0,1774.72585811722,5,0,Budorcas taxicolor,Budorcas,Caprinae,Bovidae,Artiodactyla,17,28,61.0
67,GEPGSPGENGAPGQMGPR,125,142,0,1760.69974011722,4,2,Budorcas taxicolor,Budorcas,Caprinae,Bovidae,Artiodactyla,17,28,69.52
68,GEPGSPGENGAPGQMGPR,125,142,0,1758.73170811722,4,0,Budorcas taxicolor,Budorcas,Caprinae,Bovidae,Artiodactyla,17,28,73.58
69,GEPGSPGENGAPGQMGPR,125,142,0,1744.70559011722,3,2,Budorcas taxicolor,Budorcas,Caprinae,Bovidae,Artiodactyla,17,28,79.02
70,GEPGSPGENGAPGQMGPR,125,142,0,1759.71572411722,4,1,Budorcas taxicolor,Budorcas,Caprinae,Bovidae,Artiodactyla,17,28,84.32
71,GEPGSPGENGAPGQMGPR,125,142,0,1743.72157411722,3,1,Budorcas taxicolor,Budorcas,Caprinae,Bovidae,Artiodactyla,17,28,88.08
72,GEPGSPGENGAPGQMGPR,125,142,0,1742.73755811722,3,0,Budorcas taxicolor,Budorcas,Caprinae,Bovidae,Artiodactyla,17,28,90.41
73,GEPGSPGENGAPGQMGPRGLPGER,125,148,1,2352.0610174959097,3,0,Budorcas taxicolor,Budorcas,Caprinae,Bovidae,Artiodactyla,23,29,1.4
74,GLPGERGRPGAPGPAGAR,143,160,1,1720.88146035932,3,0,Budorcas taxicolor,Budorcas,Caprinae,Bovidae,Artiodactyla,17,31,23.09
75,GLPGERGRPGAPGPAGAR,143,160,1,1704.88731035932,2,0,Budorcas taxicolor,Budorcas,Caprinae,Bovidae,Artiodactyla,17,31,28.48
76,GRPGAPGPAGAR,149,160,0,1111.55800098063,3,0,Budorcas taxicolor,Budorcas,Caprinae,Bovidae,Artiodactyla,11,33,25.12
77,GRPGAPGPAGAR,149,160,0,1079.56970098063,1,0,Budorcas taxicolor,Budorcas,Caprinae,Bovidae,Artiodactyla,11,33,35.46
78,GRPGAPGPAGAR,149,160,0,1095.56385098063,2,0,Budorcas taxicolor,Budorcas,Caprinae,Bovidae,Artiodactyla,11,33,54.71
79,GRPGAPGPAGARGNDGATGAAGPPGPTGPAGPPGFPGAVGAK,149,190,1,3625.7340020783095,5,1,Budorcas taxicolor,Budorcas,Caprinae,Bovidae,Artiodactyla,41,34,24.23
80,GNDGATGAAGPPGPTGPAGPPGFPGAVGAK,161,190,0,2533.19384224815,2,1,Budorcas taxicolor,Budorcas,Caprinae,Bovidae,Artiodactyla,29,36,25.01
81,GNDGATGAAGPPGPTGPAGPPGFPGAVGAK,161,190,0,2516.21567624815,1,0,Budorcas taxicolor,Budorcas,Caprinae,Bovidae,Artiodactyla,29,36,27.59
82,GNDGATGAAGPPGPTGPAGPPGFPGAVGAK,161,190,0,2565.18214224815,4,1,Budorcas taxicolor,Budorcas,Caprinae,Bovidae,Artiodactyla,29,36,59.19
83,GNDGATGAAGPPGPTGPAGPPGFPGAVGAK,161,190,0,2549.18799224815,3,1,Budorcas taxicolor,Budorcas,Caprinae,Bovidae,Artiodactyla,29,36,60.37
84,GNDGATGAAGPPGPTGPAGPPGFPGAVGAK,161,190,0,2548.20397624815,3,0,Budorcas taxicolor,Budorcas,Caprinae,Bovidae,Artiodactyla,29,36,64.65
85,GNDGATGAAGPPGPTGPAGPPGFPGAVGAK,161,190,0,2532.20982624815,2,0,Budorcas taxicolor,Budorcas,Caprinae,Bovidae,Artiodactyla,29,36,66.72
86,GNDGATGAAGPPGPTGPAGPPGFPGAVGAK,161,190,0,2564.19812624815,4,0,Budorcas taxicolor,Budorcas,Caprinae,Bovidae,Artiodactyla,29,36,73.36
87,GNDGATGAAGPPGPTGPAGPPGFPGAVGAKGEAGPQGPR,161,199,1,3445.59574050912,6,0,Budorcas taxicolor,Budorcas,Caprinae,Bovidae,Artiodactyla,38,37,1.65
88,GNDGATGAAGPPGPTGPAGPPGFPGAVGAKGEAGPQGPR,161,199,1,3463.55792250912,7,2,Budorcas taxicolor,Budorcas,Caprinae,Bovidae,Artiodactyla,38,37,5.22
89,GNDGATGAAGPPGPTGPAGPPGFPGAVGAKGEAGPQGPR,161,199,1,3382.60315650912,2,1,Budorcas taxicolor,Budorcas,Caprinae,Bovidae,Artiodactyla,38,37,8.4
90,GNDGATGAAGPPGPTGPAGPPGFPGAVGAKGEAGPQGPR,161,199,1,3413.60744050912,4,0,Budorcas taxicolor,Budorcas,Caprinae,Bovidae,Artiodactyla,38,37,30.19
91,GNDGATGAAGPPGPTGPAGPPGFPGAVGAKGEAGPQGPR,161,199,1,3397.61329050912,3,0,Budorcas taxicolor,Budorcas,Caprinae,Bovidae,Artiodactyla,38,37,36.37
92,GNDGATGAAGPPGPTGPAGPPGFPGAVGAKGEAGPQGPR,161,199,1,3398.59730650912,3,1,Budorcas taxicolor,Budorcas,Caprinae,Bovidae,Artiodactyla,38,37,44.01
93,GNDGATGAAGPPGPTGPAGPPGFPGAVGAKGEAGPQGPR,161,199,1,3414.59145650912,4,1,Budorcas taxicolor,Budorcas,Caprinae,Bovidae,Artiodactyla,38,37,54.74
94,GEAGPQGPR,191,199,0,900.4154554114399,2,0,Budorcas taxicolor,Budorcas,Caprinae,Bovidae,Artiodactyla,8,38,12.82
95,GEAGPQGPR,191,199,0,869.4111714114399,0,1,Budorcas taxicolor,Budorcas,Caprinae,Bovidae,Artiodactyla,8,38,35.95
96,GEAGPQGPR,191,199,0,868.4271554114399,0,0,Budorcas taxicolor,Budorcas,Caprinae,Bovidae,Artiodactyla,8,38,41.39
97,GEAGPQGPRGSEGPQGVR,191,208,1,1752.82520035611,1,1,Budorcas taxicolor,Budorcas,Caprinae,Bovidae,Artiodactyla,17,39,5.03
98,GEAGPQGPRGSEGPQGVR,191,208,1,1736.83105035611,0,1,Budorcas taxicolor,Budorcas,Caprinae,Bovidae,Artiodactyla,17,39,17.99
99,GEAGPQGPRGSEGPQGVR,191,208,1,1735.8470343561098,0,0,Budorcas taxicolor,Budorcas,Caprinae,Bovidae,Artiodactyla,17,39,37.31
100,GSEGPQGVR,200,208,0,887.4217360951399,0,1,Budorcas taxicolor,Budorcas,Caprinae,Bovidae,Artiodactyla,8,40,52.04
101,GSEGPQGVR,200,208,0,886.4377200951399,0,0,Budorcas taxicolor,Budorcas,Caprinae,Bovidae,Artiodactyla,8,40,72.74
102,GSEGPQGVRGEPGPPGPAGAAGPAGNPGADGQPGAK,200,235,1,3153.4452593027,2,2,Budorcas taxicolor,Budorcas,Caprinae,Bovidae,Artiodactyla,35,41,0.3
103,GSEGPQGVRGEPGPPGPAGAAGPAGNPGADGQPGAK,200,235,1,3201.4277093027,5,2,Budorcas taxicolor,Budorcas,Caprinae,Bovidae,Artiodactyla,35,41,0.79
104,GSEGPQGVRGEPGPPGPAGAAGPAGNPGADGQPGAK,200,235,1,3185.4335593027,4,2,Budorcas taxicolor,Budorcas,Caprinae,Bovidae,Artiodactyla,35,41,5.61
105,GSEGPQGVRGEPGPPGPAGAAGPAGNPGADGQPGAK,200,235,1,3169.4394093027,3,2,Budorcas taxicolor,Budorcas,Caprinae,Bovidae,Artiodactyla,35,41,15.06
106,GSEGPQGVRGEPGPPGPAGAAGPAGNPGADGQPGAK,200,235,1,3200.4436933026996,5,1,Budorcas taxicolor,Budorcas,Caprinae,Bovidae,Artiodactyla,35,41,21.46
107,GSEGPQGVRGEPGPPGPAGAAGPAGNPGADGQPGAK,200,235,1,3167.4713773026997,3,0,Budorcas taxicolor,Budorcas,Caprinae,Bovidae,Artiodactyla,35,41,28.05
108,GSEGPQGVRGEPGPPGPAGAAGPAGNPGADGQPGAK,200,235,1,3170.4234253027,3,3,Budorcas taxicolor,Budorcas,Caprinae,Bovidae,Artiodactyla,35,41,31.41
109,GSEGPQGVRGEPGPPGPAGAAGPAGNPGADGQPGAK,200,235,1,3168.4553933026996,3,1,Budorcas taxicolor,Budorcas,Caprinae,Bovidae,Artiodactyla,35,41,38.57
110,GSEGPQGVRGEPGPPGPAGAAGPAGNPGADGQPGAK,200,235,1,3199.4596773026997,5,0,Budorcas taxicolor,Budorcas,Caprinae,Bovidae,Artiodactyla,35,41,44.35
111,GSEGPQGVRGEPGPPGPAGAAGPAGNPGADGQPGAK,200,235,1,3183.4655273026997,4,0,Budorcas taxicolor,Budorcas,Caprinae,Bovidae,Artiodactyla,35,41,48.95
112,GSEGPQGVRGEPGPPGPAGAAGPAGNPGADGQPGAK,200,235,1,3184.4495433026996,4,1,Budorcas taxicolor,Budorcas,Caprinae,Bovidae,Artiodactyla,35,41,53.77
113,GEPGPPGPAGAAGPAGNPGADGQPGAK,209,235,0,2334.00783035803,5,2,Budorcas taxicolor,Budorcas,Caprinae,Bovidae,Artiodactyla,26,42,0.5
114,GEPGPPGPAGAAGPAGNPGADGQPGAK,209,235,0,2285.0413643580296,2,1,Budorcas taxicolor,Budorcas,Caprinae,Bovidae,Artiodactyla,26,42,0.73
115,GEPGPPGPAGAAGPAGNPGADGQPGAK,209,235,0,2284.0573483580297,2,0,Budorcas taxicolor,Budorcas,Caprinae,Bovidae,Artiodactyla,26,42,1.42
116,GEPGPPGPAGAAGPAGNPGADGQPGAK,209,235,0,2302.01953035803,3,2,Budorcas taxicolor,Budorcas,Caprinae,Bovidae,Artiodactyla,26,42,14.53
117,GEPGPPGPAGAAGPAGNPGADGQPGAK,209,235,0,2318.01368035803,4,2,Budorcas taxicolor,Budorcas,Caprinae,Bovidae,Artiodactyla,26,42,26.84
118,GEPGPPGPAGAAGPAGNPGADGQPGAK,209,235,0,2300.0514983580297,3,0,Budorcas taxicolor,Budorcas,Caprinae,Bovidae,Artiodactyla,26,42,34.9
119,GEPGPPGPAGAAGPAGNPGADGQPGAK,209,235,0,2301.0355143580296,3,1,Budorcas taxicolor,Budorcas,Caprinae,Bovidae,Artiodactyla,26,42,35.32
120,GEPGPPGPAGAAGPAGNPGADGQPGAK,209,235,0,2348.0339483580296,6,0,Budorcas taxicolor,Budorcas,Caprinae,Bovidae,Artiodactyla,26,42,35.96
121,GEPGPPGPAGAAGPAGNPGADGQPGAK,209,235,0,2333.0238143580295,5,1,Budorcas taxicolor,Budorcas,Caprinae,Bovidae,Artiodactyla,26,42,44.93
122,GEPGPPGPAGAAGPAGNPGADGQPGAK,209,235,0,2332.0397983580297,5,0,Budorcas taxicolor,Budorcas,Caprinae,Bovidae,Artiodactyla,26,42,54.14
123,GEPGPPGPAGAAGPAGNPGADGQPGAK,209,235,0,2317.0296643580295,4,1,Budorcas taxicolor,Budorcas,Caprinae,Bovidae,Artiodactyla,26,42,63.43
124,GEPGPPGPAGAAGPAGNPGADGQPGAK,209,235,0,2316.0456483580297,4,0,Budorcas taxicolor,Budorcas,Caprinae,Bovidae,Artiodactyla,26,42,66.19
125,GEPGPPGPAGAAGPAGNPGADGQPGAKGANGAPGIAGAPGFPGAR,209,253,1,3884.7652895064098,7,2,Budorcas taxicolor,Budorcas,Caprinae,Bovidae,Artiodactyla,44,43,39.93
126,GANGAPGIAGAPGFPGAR,236,253,0,1570.75931629885,2,1,Budorcas taxicolor,Budorcas,Caprinae,Bovidae,Artiodactyla,17,44,11.57
127,GANGAPGIAGAPGFPGAR,236,253,0,1569.77530029885,2,0,Budorcas taxicolor,Budorcas,Caprinae,Bovidae,Artiodactyla,17,44,20.61
128,GANGAPGIAGAPGFPGAR,236,253,0,1585.76945029885,3,0,Budorcas taxicolor,Budorcas,Caprinae,Bovidae,Artiodactyla,17,44,82.26
129,GANGAPGIAGAPGFPGAR,236,253,0,1586.75346629885,3,1,Budorcas taxicolor,Budorcas,Caprinae,Bovidae,Artiodactyla,17,44,82.83
130,GANGAPGIAGAPGFPGARGPSGPQGPSGPPGPK,236,268,1,2947.3875493226196,7,0,Budorcas taxicolor,Budorcas,Caprinae,Bovidae,Artiodactyla,32,45,0.15
131,GANGAPGIAGAPGFPGARGPSGPQGPSGPPGPK,236,268,1,2900.3891153226195,4,1,Budorcas taxicolor,Budorcas,Caprinae,Bovidae,Artiodactyla,32,45,17.08
132,GPSGPQGPSGPPGPK,254,268,0,1380.63594017424,4,0,Budorcas taxicolor,Budorcas,Caprinae,Bovidae,Artiodactyla,14,47,5.2
133,GPSGPQGPSGPPGPK,254,268,0,1381.61995617424,4,1,Budorcas taxicolor,Budorcas,Caprinae,Bovidae,Artiodactyla,14,47,5.53
134,GPSGPQGPSGPPGPK,254,268,0,1365.62580617424,3,1,Budorcas taxicolor,Budorcas,Caprinae,Bovidae,Artiodactyla,14,47,36.51
135,GPSGPQGPSGPPGPK,254,268,0,1364.64179017424,3,0,Budorcas taxicolor,Budorcas,Caprinae,Bovidae,Artiodactyla,14,47,68.22
136,GPSGPQGPSGPPGPK,254,268,0,1349.63165617424,2,1,Budorcas taxicolor,Budorcas,Caprinae,Bovidae,Artiodactyla,14,47,69.44
137,GPSGPQGPSGPPGPK,254,268,0,1333.63750617424,1,1,Budorcas taxicolor,Budorcas,Caprinae,Bovidae,Artiodactyla,14,47,74.32
138,GPSGPQGPSGPPGPK,254,268,0,1332.65349017424,1,0,Budorcas taxicolor,Budorcas,Caprinae,Bovidae,Artiodactyla,14,47,85.7
139,GPSGPQGPSGPPGPK,254,268,0,1348.64764017424,2,0,Budorcas taxicolor,Budorcas,Caprinae,Bovidae,Artiodactyla,14,47,86.17
140,GPSGPQGPSGPPGPKGNSGEPGAPGSK,254,280,1,2372.11054289058,1,1,Budorcas taxicolor,Budorcas,Caprinae,Bovidae,Artiodactyla,26,48,2.68
141,GPSGPQGPSGPPGPKGNSGEPGAPGSK,254,280,1,2436.08714289058,5,1,Budorcas taxicolor,Budorcas,Caprinae,Bovidae,Artiodactyla,26,48,4.89
142,GPSGPQGPSGPPGPKGNSGEPGAPGSK,254,280,1,2437.07115889058,5,2,Budorcas taxicolor,Budorcas,Caprinae,Bovidae,Artiodactyla,26,48,5.67
143,GPSGPQGPSGPPGPKGNSGEPGAPGSK,254,280,1,2419.10897689058,4,0,Budorcas taxicolor,Budorcas,Caprinae,Bovidae,Artiodactyla,26,48,14.86
144,GPSGPQGPSGPPGPKGNSGEPGAPGSK,254,280,1,2420.09299289058,4,1,Budorcas taxicolor,Budorcas,Caprinae,Bovidae,Artiodactyla,26,48,23.84
145,GPSGPQGPSGPPGPKGNSGEPGAPGSK,254,280,1,2403.11482689058,3,0,Budorcas taxicolor,Budorcas,Caprinae,Bovidae,Artiodactyla,26,48,25.86
146,GPSGPQGPSGPPGPKGNSGEPGAPGSK,254,280,1,2404.09884289058,3,1,Budorcas taxicolor,Budorcas,Caprinae,Bovidae,Artiodactyla,26,48,29.0
147,GNSGEPGAPGSK,269,280,0,1089.47917786681,2,0,Budorcas taxicolor,Budorcas,Caprinae,Bovidae,Artiodactyla,11,50,36.94
148,GNSGEPGAPGSK,269,280,0,1073.48502786681,1,0,Budorcas taxicolor,Budorcas,Caprinae,Bovidae,Artiodactyla,11,50,37.92
149,GNSGEPGAPGSKGDTGAK,269,286,1,1619.7128195989,2,1,Budorcas taxicolor,Budorcas,Caprinae,Bovidae,Artiodactyla,17,51,10.56
150,GNSGEPGAPGSKGDTGAK,269,286,1,1602.7346535989,1,0,Budorcas taxicolor,Budorcas,Caprinae,Bovidae,Artiodactyla,17,51,17.86
151,GNSGEPGAPGSKGDTGAK,269,286,1,1634.7229535989,3,0,Budorcas taxicolor,Budorcas,Caprinae,Bovidae,Artiodactyla,17,51,61.77
152,GNSGEPGAPGSKGDTGAK,269,286,1,1618.7288035989,2,0,Budorcas taxicolor,Budorcas,Caprinae,Bovidae,Artiodactyla,17,51,62.22
153,GDTGAKGEPGPTGIQGPPGPAGEEGK,281,306,1,2394.1040241842397,2,1,Budorcas taxicolor,Budorcas,Caprinae,Bovidae,Artiodactyla,25,53,24.84
154,GDTGAKGEPGPTGIQGPPGPAGEEGK,281,306,1,2409.11415818424,3,0,Budorcas taxicolor,Budorcas,Caprinae,Bovidae,Artiodactyla,25,53,32.25
155,GDTGAKGEPGPTGIQGPPGPAGEEGK,281,306,1,2393.12000818424,2,0,Budorcas taxicolor,Budorcas,Caprinae,Bovidae,Artiodactyla,25,53,36.89
156,GEPGPTGIQGPPGPAGEEGK,287,306,0,1848.86024845215,1,1,Budorcas taxicolor,Budorcas,Caprinae,Bovidae,Artiodactyla,19,55,34.05
157,GEPGPTGIQGPPGPAGEEGK,287,306,0,1864.85439845215,2,1,Budorcas taxicolor,Budorcas,Caprinae,Bovidae,Artiodactyla,19,55,65.73
158,GEPGPTGIQGPPGPAGEEGK,287,306,0,1847.87623245215,1,0,Budorcas taxicolor,Budorcas,Caprinae,Bovidae,Artiodactyla,19,55,84.23
159,GEPGPTGIQGPPGPAGEEGK,287,306,0,1863.87038245215,2,0,Budorcas taxicolor,Budorcas,Caprinae,Bovidae,Artiodactyla,19,55,87.25
160,GEPGPTGIQGPPGPAGEEGKR,287,307,1,2004.96135947575,1,1,Budorcas taxicolor,Budorcas,Caprinae,Bovidae,Artiodactyla,20,56,3.04
161,GEPGPTGIQGPPGPAGEEGKR,287,307,1,2052.9438094757497,4,1,Budorcas taxicolor,Budorcas,Caprinae,Bovidae,Artiodactyla,20,56,3.85
162,GEPGPTGIQGPPGPAGEEGKR,287,307,1,2003.97734347575,1,0,Budorcas taxicolor,Budorcas,Caprinae,Bovidae,Artiodactyla,20,56,36.16
163,GEPGPTGIQGPPGPAGEEGKR,287,307,1,2020.95550947575,2,1,Budorcas taxicolor,Budorcas,Caprinae,Bovidae,Artiodactyla,20,56,71.89
164,GEPGPTGIQGPPGPAGEEGKR,287,307,1,2019.97149347575,2,0,Budorcas taxicolor,Budorcas,Caprinae,Bovidae,Artiodactyla,20,56,72.27
165,GARGEPGPAGLPGPPGER,308,325,1,1703.84444248783,2,0,Budorcas taxicolor,Budorcas,Caprinae,Bovidae,Artiodactyla,17,58,14.94
166,GARGEPGPAGLPGPPGER,308,325,1,1719.83859248783,3,0,Budorcas taxicolor,Budorcas,Caprinae,Bovidae,Artiodactyla,17,58,44.67
167,GEPGPAGLPGPPGER,311,325,0,1451.67305395895,4,0,Budorcas taxicolor,Budorcas,Caprinae,Bovidae,Artiodactyla,14,61,10.03
168,GEPGPAGLPGPPGER,311,325,0,1419.68475395895,2,0,Budorcas taxicolor,Budorcas,Caprinae,Bovidae,Artiodactyla,14,61,51.69
169,GEPGPAGLPGPPGER,311,325,0,1435.67890395895,3,0,Budorcas taxicolor,Budorcas,Caprinae,Bovidae,Artiodactyla,14,61,77.47
170,GEPGPAGLPGPPGERGGPGSR,311,331,1,1946.92919839738,3,0,Budorcas taxicolor,Budorcas,Caprinae,Bovidae,Artiodactyla,20,62,17.26
171,GEPGPAGLPGPPGERGGPGSR,311,331,1,1962.92334839738,4,0,Budorcas taxicolor,Budorcas,Caprinae,Bovidae,Artiodactyla,20,62,31.37
172,GGPGSRGFPGSDGVAGPK,326,343,1,1631.77569422167,2,0,Budorcas taxicolor,Budorcas,Caprinae,Bovidae,Artiodactyla,17,63,46.11
173,GFPGSDGVAGPK,332,343,0,1120.52539978324,2,0,Budorcas taxicolor,Budorcas,Caprinae,Bovidae,Artiodactyla,11,64,36.4
174,GFPGSDGVAGPK,332,343,0,1104.53124978324,1,0,Budorcas taxicolor,Budorcas,Caprinae,Bovidae,Artiodactyla,11,64,66.75
175,GFPGSDGVAGPKGPAGER,332,349,1,1687.80190896951,2,0,Budorcas taxicolor,Budorcas,Caprinae,Bovidae,Artiodactyla,17,65,37.79
176,GFPGSDGVAGPKGPAGER,332,349,1,1671.80775896951,1,0,Budorcas taxicolor,Budorcas,Caprinae,Bovidae,Artiodactyla,17,65,71.91
177,GPAGERGAPGPAGPK,344,358,1,1382.66282362842,4,0,Budorcas taxicolor,Budorcas,Caprinae,Bovidae,Artiodactyla,14,66,1.31
178,GPAGERGAPGPAGPK,344,358,1,1318.68622362842,0,0,Budorcas taxicolor,Budorcas,Caprinae,Bovidae,Artiodactyla,14,66,11.72
179,GPAGERGAPGPAGPK,344,358,1,1350.67452362842,2,0,Budorcas taxicolor,Budorcas,Caprinae,Bovidae,Artiodactyla,14,66,18.8
180,GPAGERGAPGPAGPK,344,358,1,1334.68037362842,1,0,Budorcas taxicolor,Budorcas,Caprinae,Bovidae,Artiodactyla,14,66,52.42
181,GAPGPAGPK,350,358,0,783.3980144421499,2,0,Budorcas taxicolor,Budorcas,Caprinae,Bovidae,Artiodactyla,8,68,19.31
182,GAPGPAGPK,350,358,0,767.4038644421499,1,0,Budorcas taxicolor,Budorcas,Caprinae,Bovidae,Artiodactyla,8,68,26.96
183,GAPGPAGPKGSPGEAGRPGEAGLPGAK,350,376,1,2404.18208226119,4,0,Budorcas taxicolor,Budorcas,Caprinae,Bovidae,Artiodactyla,26,69,13.17
184,GAPGPAGPKGSPGEAGRPGEAGLPGAK,350,376,1,2420.17623226119,5,0,Budorcas taxicolor,Budorcas,Caprinae,Bovidae,Artiodactyla,26,69,26.57
185,GSPGEAGRPGEAGLPGAK,359,376,0,1671.79020896951,4,0,Budorcas taxicolor,Budorcas,Caprinae,Bovidae,Artiodactyla,17,71,14.64
186,GSPGEAGRPGEAGLPGAK,359,376,0,1639.80190896951,2,0,Budorcas taxicolor,Budorcas,Caprinae,Bovidae,Artiodactyla,17,71,43.5
187,GSPGEAGRPGEAGLPGAK,359,376,0,1655.79605896951,3,0,Budorcas taxicolor,Budorcas,Caprinae,Bovidae,Artiodactyla,17,71,74.94
188,GSPGEAGRPGEAGLPGAKGLTGSPGSPGPDGK,359,390,1,2911.3618244108197,6,0,Budorcas taxicolor,Budorcas,Caprinae,Bovidae,Artiodactyla,31,72,8.41
189,GLTGSPGSPGPDGK,377,390,0,1274.5836065917802,3,0,Budorcas taxicolor,Budorcas,Caprinae,Bovidae,Artiodactyla,13,74,9.58
190,GLTGSPGSPGPDGK,377,390,0,1242.5953065917802,1,0,Budorcas taxicolor,Budorcas,Caprinae,Bovidae,Artiodactyla,13,74,56.9
191,GLTGSPGSPGPDGK,377,390,0,1258.5894565917802,2,0,Budorcas taxicolor,Budorcas,Caprinae,Bovidae,Artiodactyla,13,74,63.69
192,GLTGSPGSPGPDGKTGPPGPAGQDGRPGPPGPPGAR,377,412,1,3296.5480620407097,6,0,Budorcas taxicolor,Budorcas,Caprinae,Bovidae,Artiodactyla,35,76,25.61
193,GLTGSPGSPGPDGKTGPPGPAGQDGRPGPPGPPGAR,377,412,1,3297.5320780407096,6,1,Budorcas taxicolor,Budorcas,Caprinae,Bovidae,Artiodactyla,35,76,29.7
194,GLTGSPGSPGPDGKTGPPGPAGQDGRPGPPGPPGAR,377,412,1,3313.5262280407096,7,1,Budorcas taxicolor,Budorcas,Caprinae,Bovidae,Artiodactyla,35,76,31.19
195,TGPPGPAGQDGRPGPPGPPGAR,391,412,0,2073.9546125994,5,1,Budorcas taxicolor,Budorcas,Caprinae,Bovidae,Artiodactyla,21,78,9.21
196,TGPPGPAGQDGRPGPPGPPGAR,391,412,0,2025.9721625994,2,1,Budorcas taxicolor,Budorcas,Caprinae,Bovidae,Artiodactyla,21,78,16.32
197,TGPPGPAGQDGRPGPPGPPGAR,391,412,0,2072.9705965994003,5,0,Budorcas taxicolor,Budorcas,Caprinae,Bovidae,Artiodactyla,21,78,23.69
198,TGPPGPAGQDGRPGPPGPPGAR,391,412,0,2040.9822965994,3,0,Budorcas taxicolor,Budorcas,Caprinae,Bovidae,Artiodactyla,21,78,36.53
199,TGPPGPAGQDGRPGPPGPPGAR,391,412,0,2024.9881465994,2,0,Budorcas taxicolor,Budorcas,Caprinae,Bovidae,Artiodactyla,21,78,37.31
200,TGPPGPAGQDGRPGPPGPPGAR,391,412,0,2057.9604625994,4,1,Budorcas taxicolor,Budorcas,Caprinae,Bovidae,Artiodactyla,21,78,40.2
201,TGPPGPAGQDGRPGPPGPPGAR,391,412,0,2041.9663125994,3,1,Budorcas taxicolor,Budorcas,Caprinae,Bovidae,Artiodactyla,21,78,40.38
202,TGPPGPAGQDGRPGPPGPPGAR,391,412,0,2056.9764465994003,4,0,Budorcas taxicolor,Budorcas,Caprinae,Bovidae,Artiodactyla,21,78,48.62
203,TGPPGPAGQDGRPGPPGPPGARGQAGVMGFPGPK,391,424,1,3168.5256622223396,3,1,Budorcas taxicolor,Budorcas,Caprinae,Bovidae,Artiodactyla,33,79,0.38
204,TGPPGPAGQDGRPGPPGPPGARGQAGVMGFPGPK,391,424,1,3199.5299462223397,5,0,Budorcas taxicolor,Budorcas,Caprinae,Bovidae,Artiodactyla,33,79,3.86
205,GQAGVMGFPGPK,413,424,0,1210.53780677341,4,1,Budorcas taxicolor,Budorcas,Caprinae,Bovidae,Artiodactyla,11,83,11.88
206,GQAGVMGFPGPK,413,424,0,1209.55379077341,4,0,Budorcas taxicolor,Budorcas,Caprinae,Bovidae,Artiodactyla,11,83,18.68
207,GQAGVMGFPGPK,413,424,0,1145.57719077341,0,0,Budorcas taxicolor,Budorcas,Caprinae,Bovidae,Artiodactyla,11,83,30.05
208,GQAGVMGFPGPK,413,424,0,1194.54365677341,3,1,Budorcas taxicolor,Budorcas,Caprinae,Bovidae,Artiodactyla,11,83,51.35
209,GQAGVMGFPGPK,413,424,0,1193.55964077341,3,0,Budorcas taxicolor,Budorcas,Caprinae,Bovidae,Artiodactyla,11,83,60.64
210,GQAGVMGFPGPK,413,424,0,1162.55535677341,1,1,Budorcas taxicolor,Budorcas,Caprinae,Bovidae,Artiodactyla,11,83,64.82
211,GQAGVMGFPGPK,413,424,0,1178.54950677341,2,1,Budorcas taxicolor,Budorcas,Caprinae,Bovidae,Artiodactyla,11,83,68.81
212,GQAGVMGFPGPK,413,424,0,1161.57134077341,1,0,Budorcas taxicolor,Budorcas,Caprinae,Bovidae,Artiodactyla,11,83,71.65
213,GQAGVMGFPGPK,413,424,0,1177.56549077341,2,0,Budorcas taxicolor,Budorcas,Caprinae,Bovidae,Artiodactyla,11,83,74.37
214,GQAGVMGFPGPKGAAGEPGK,413,432,1,1892.87687945536,5,0,Budorcas taxicolor,Budorcas,Caprinae,Bovidae,Artiodactyla,19,84,4.17
215,GQAGVMGFPGPKGAAGEPGK,413,432,1,1845.87844545536,2,1,Budorcas taxicolor,Budorcas,Caprinae,Bovidae,Artiodactyla,19,84,15.59
216,GQAGVMGFPGPKGAAGEPGK,413,432,1,1877.86674545536,4,1,Budorcas taxicolor,Budorcas,Caprinae,Bovidae,Artiodactyla,19,84,17.8
217,GQAGVMGFPGPKGAAGEPGK,413,432,1,1861.87259545536,3,1,Budorcas taxicolor,Budorcas,Caprinae,Bovidae,Artiodactyla,19,84,21.52
218,GQAGVMGFPGPKGAAGEPGK,413,432,1,1844.89442945536,2,0,Budorcas taxicolor,Budorcas,Caprinae,Bovidae,Artiodactyla,19,84,32.89
219,GQAGVMGFPGPKGAAGEPGK,413,432,1,1860.88857945536,3,0,Budorcas taxicolor,Budorcas,Caprinae,Bovidae,Artiodactyla,19,84,35.92
220,GQAGVMGFPGPKGAAGEPGK,413,432,1,1876.88272945536,4,0,Budorcas taxicolor,Budorcas,Caprinae,Bovidae,Artiodactyla,19,84,40.01
221,GAAGEPGK,425,432,0,702.3409298324199,1,0,Budorcas taxicolor,Budorcas,Caprinae,Bovidae,Artiodactyla,7,86,26.56
222,GAAGEPGKAGER,425,436,1,1131.5373614492698,2,0,Budorcas taxicolor,Budorcas,Caprinae,Bovidae,Artiodactyla,11,87,3.04
223,GAAGEPGKAGER,425,436,1,1115.5432114492698,1,0,Budorcas taxicolor,Budorcas,Caprinae,Bovidae,Artiodactyla,11,87,37.67
224,GAAGEPGKAGER,425,436,1,1099.54906144927,0,0,Budorcas taxicolor,Budorcas,Caprinae,Bovidae,Artiodactyla,11,87,47.95
225,AGERGVPGPPGAVGPAGK,433,450,1,1589.83866517497,1,0,Budorcas taxicolor,Budorcas,Caprinae,Bovidae,Artiodactyla,17,89,8.33
226,AGERGVPGPPGAVGPAGK,433,450,1,1605.83281517497,2,0,Budorcas taxicolor,Budorcas,Caprinae,Bovidae,Artiodactyla,17,89,34.39
227,GVPGPPGAVGPAGK,437,450,0,1208.62468355812,3,0,Budorcas taxicolor,Budorcas,Caprinae,Bovidae,Artiodactyla,13,91,6.75
228,GVPGPPGAVGPAGK,437,450,0,1160.64223355812,0,0,Budorcas taxicolor,Budorcas,Caprinae,Bovidae,Artiodactyla,13,91,38.14
229,GVPGPPGAVGPAGK,437,450,0,1176.63638355812,1,0,Budorcas taxicolor,Budorcas,Caprinae,Bovidae,Artiodactyla,13,91,43.51
230,GVPGPPGAVGPAGK,437,450,0,1192.63053355812,2,0,Budorcas taxicolor,Budorcas,Caprinae,Bovidae,Artiodactyla,13,91,64.49
231,GVPGPPGAVGPAGKDGEAGAQGPPGPAGPAGER,437,469,1,2929.3512601444295,6,1,Budorcas taxicolor,Budorcas,Caprinae,Bovidae,Artiodactyla,32,92,5.85
232,GVPGPPGAVGPAGKDGEAGAQGPPGPAGPAGER,437,469,1,2881.3688101444295,3,1,Budorcas taxicolor,Budorcas,Caprinae,Bovidae,Artiodactyla,32,92,24.18
233,GVPGPPGAVGPAGKDGEAGAQGPPGPAGPAGER,437,469,1,2864.3906441444296,2,0,Budorcas taxicolor,Budorcas,Caprinae,Bovidae,Artiodactyla,32,92,32.41
234,GVPGPPGAVGPAGKDGEAGAQGPPGPAGPAGER,437,469,1,2880.3847941444296,3,0,Budorcas taxicolor,Budorcas,Caprinae,Bovidae,Artiodactyla,32,92,35.83
235,GVPGPPGAVGPAGKDGEAGAQGPPGPAGPAGER,437,469,1,2848.3964941444297,1,0,Budorcas taxicolor,Budorcas,Caprinae,Bovidae,Artiodactyla,32,92,37.65
236,DGEAGAQGPPGPAGPAGER,451,469,0,1723.7502677367802,2,1,Budorcas taxicolor,Budorcas,Caprinae,Bovidae,Artiodactyla,18,93,3.02
237,DGEAGAQGPPGPAGPAGER,451,469,0,1722.76625173678,2,0,Budorcas taxicolor,Budorcas,Caprinae,Bovidae,Artiodactyla,18,93,10.66
238,DGEAGAQGPPGPAGPAGER,451,469,0,1707.7561177367802,1,1,Budorcas taxicolor,Budorcas,Caprinae,Bovidae,Artiodactyla,18,93,77.15
239,DGEAGAQGPPGPAGPAGER,451,469,0,1691.7619677367802,0,1,Budorcas taxicolor,Budorcas,Caprinae,Bovidae,Artiodactyla,18,93,78.12
240,DGEAGAQGPPGPAGPAGER,451,469,0,1690.77795173678,0,0,Budorcas taxicolor,Budorcas,Caprinae,Bovidae,Artiodactyla,18,93,88.77
241,DGEAGAQGPPGPAGPAGER,451,469,0,1706.77210173678,1,0,Budorcas taxicolor,Budorcas,Caprinae,Bovidae,Artiodactyla,18,93,95.44
242,GERGFPGER,515,523,1,1020.4849682971598,1,0,Budorcas taxicolor,Budorcas,Caprinae,Bovidae,Artiodactyla,8,99,43.66
243,GFPGERGVQGPPGPAGPR,518,535,1,1812.85852696928,5,0,Budorcas taxicolor,Budorcas,Caprinae,Bovidae,Artiodactyla,17,100,0.43
244,GFPGERGVQGPPGPAGPR,518,535,1,1764.87607696928,2,0,Budorcas taxicolor,Budorcas,Caprinae,Bovidae,Artiodactyla,17,100,28.1
245,GFPGERGVQGPPGPAGPR,518,535,1,1765.86009296928,2,1,Budorcas taxicolor,Budorcas,Caprinae,Bovidae,Artiodactyla,17,100,40.67
246,GVQGPPGPAGPR,524,535,0,1154.5405836547302,4,1,Budorcas taxicolor,Budorcas,Caprinae,Bovidae,Artiodactyla,11,102,2.35
247,GVQGPPGPAGPR,524,535,0,1137.56241765473,3,0,Budorcas taxicolor,Budorcas,Caprinae,Bovidae,Artiodactyla,11,102,13.07
248,GVQGPPGPAGPR,524,535,0,1138.5464336547302,3,1,Budorcas taxicolor,Budorcas,Caprinae,Bovidae,Artiodactyla,11,102,18.6
249,GVQGPPGPAGPR,524,535,0,1090.5639836547302,0,1,Budorcas taxicolor,Budorcas,Caprinae,Bovidae,Artiodactyla,11,102,20.78
250,GVQGPPGPAGPR,524,535,0,1121.56826765473,2,0,Budorcas taxicolor,Budorcas,Caprinae,Bovidae,Artiodactyla,11,102,24.48
251,GVQGPPGPAGPR,524,535,0,1122.5522836547302,2,1,Budorcas taxicolor,Budorcas,Caprinae,Bovidae,Artiodactyla,11,102,32.27
252,GVQGPPGPAGPR,524,535,0,1089.57996765473,0,0,Budorcas taxicolor,Budorcas,Caprinae,Bovidae,Artiodactyla,11,102,50.62
253,GVQGPPGPAGPR,524,535,0,1106.5581336547302,1,1,Budorcas taxicolor,Budorcas,Caprinae,Bovidae,Artiodactyla,11,102,56.8
254,GVQGPPGPAGPR,524,535,0,1105.57411765473,1,0,Budorcas taxicolor,Budorcas,Caprinae,Bovidae,Artiodactyla,11,102,64.18
255,GVQGPPGPAGPRGANGAPGNDGAK,524,547,1,2180.9764706601,5,2,Budorcas taxicolor,Budorcas,Caprinae,Bovidae,Artiodactyla,23,103,2.88
256,GVQGPPGPAGPRGANGAPGNDGAK,524,547,1,2132.0100046600996,2,1,Budorcas taxicolor,Budorcas,Caprinae,Bovidae,Artiodactyla,23,103,17.5
257,GVQGPPGPAGPRGANGAPGNDGAK,524,547,1,2131.0259886601,2,0,Budorcas taxicolor,Budorcas,Caprinae,Bovidae,Artiodactyla,23,103,23.53
258,GANGAPGNDGAK,536,547,0,1045.45372815584,1,1,Budorcas taxicolor,Budorcas,Caprinae,Bovidae,Artiodactyla,11,104,25.15
259,GANGAPGNDGAK,536,547,0,1029.45957815584,0,1,Budorcas taxicolor,Budorcas,Caprinae,Bovidae,Artiodactyla,11,104,28.26
260,GANGAPGNDGAK,536,547,0,1044.46971215584,1,0,Budorcas taxicolor,Budorcas,Caprinae,Bovidae,Artiodactyla,11,104,29.77
261,GANGAPGNDGAKGDAGAPGAPGSQGAPGLQGMPGER,536,571,1,3208.4277618949895,4,0,Budorcas taxicolor,Budorcas,Caprinae,Bovidae,Artiodactyla,35,105,0.29
262,GANGAPGNDGAKGDAGAPGAPGSQGAPGLQGMPGER,536,571,1,3176.4394618949896,2,0,Budorcas taxicolor,Budorcas,Caprinae,Bovidae,Artiodactyla,35,105,3.64
263,GANGAPGNDGAKGDAGAPGAPGSQGAPGLQGMPGER,536,571,1,3227.3739598949896,5,3,Budorcas taxicolor,Budorcas,Caprinae,Bovidae,Artiodactyla,35,105,7.41
264,GANGAPGNDGAKGDAGAPGAPGSQGAPGLQGMPGER,536,571,1,3243.3681098949896,6,3,Budorcas taxicolor,Budorcas,Caprinae,Bovidae,Artiodactyla,35,105,17.01
265,GANGAPGNDGAKGDAGAPGAPGSQGAPGLQGMPGER,536,571,1,3258.3782438949897,7,2,Budorcas taxicolor,Budorcas,Caprinae,Bovidae,Artiodactyla,35,105,34.12
266,GANGAPGNDGAKGDAGAPGAPGSQGAPGLQGMPGER,536,571,1,3241.4000778949894,6,1,Budorcas taxicolor,Budorcas,Caprinae,Bovidae,Artiodactyla,35,105,34.71
267,GANGAPGNDGAKGDAGAPGAPGSQGAPGLQGMPGER,536,571,1,3240.4160618949895,6,0,Budorcas taxicolor,Budorcas,Caprinae,Bovidae,Artiodactyla,35,105,35.16
268,GANGAPGNDGAKGDAGAPGAPGSQGAPGLQGMPGER,536,571,1,3256.4102118949895,7,0,Budorcas taxicolor,Budorcas,Caprinae,Bovidae,Artiodactyla,35,105,40.2
269,GANGAPGNDGAKGDAGAPGAPGSQGAPGLQGMPGER,536,571,1,3242.3840938949897,6,2,Budorcas taxicolor,Budorcas,Caprinae,Bovidae,Artiodactyla,35,105,44.36
270,GANGAPGNDGAKGDAGAPGAPGSQGAPGLQGMPGER,536,571,1,3224.4219118949895,5,0,Budorcas taxicolor,Budorcas,Caprinae,Bovidae,Artiodactyla,35,105,46.15
271,GANGAPGNDGAKGDAGAPGAPGSQGAPGLQGMPGER,536,571,1,3257.3942278949894,7,1,Budorcas taxicolor,Budorcas,Caprinae,Bovidae,Artiodactyla,35,105,50.15
272,GANGAPGNDGAKGDAGAPGAPGSQGAPGLQGMPGER,536,571,1,3225.4059278949894,5,1,Budorcas taxicolor,Budorcas,Caprinae,Bovidae,Artiodactyla,35,105,50.88
273,GDAGAPGAPGSQGAPGLQGMPGER,548,571,0,2216.93222288962,5,2,Budorcas taxicolor,Budorcas,Caprinae,Bovidae,Artiodactyla,23,107,4.39
274,GDAGAPGAPGSQGAPGLQGMPGER,548,571,0,2200.93807288962,4,2,Budorcas taxicolor,Budorcas,Caprinae,Bovidae,Artiodactyla,23,107,42.84
275,GDAGAPGAPGSQGAPGLQGMPGER,548,571,0,2215.9482068896195,5,1,Budorcas taxicolor,Budorcas,Caprinae,Bovidae,Artiodactyla,23,107,50.89
276,GDAGAPGAPGSQGAPGLQGMPGER,548,571,0,2214.9641908896197,5,0,Budorcas taxicolor,Budorcas,Caprinae,Bovidae,Artiodactyla,23,107,62.11
277,GDAGAPGAPGSQGAPGLQGMPGER,548,571,0,2199.9540568896196,4,1,Budorcas taxicolor,Budorcas,Caprinae,Bovidae,Artiodactyla,23,107,79.03
278,GDAGAPGAPGSQGAPGLQGMPGER,548,571,0,2198.9700408896197,4,0,Budorcas taxicolor,Budorcas,Caprinae,Bovidae,Artiodactyla,23,107,82.98
279,GDAGAPGAPGSQGAPGLQGMPGERGAAGLPGPK,548,580,1,2964.37138030958,5,1,Budorcas taxicolor,Budorcas,Caprinae,Bovidae,Artiodactyla,32,109,0.43
280,GDAGAPGAPGSQGAPGLQGMPGERGAAGLPGPK,548,580,1,2932.38308030958,3,1,Budorcas taxicolor,Budorcas,Caprinae,Bovidae,Artiodactyla,32,109,1.71
281,GAAGLPGPK,572,580,0,783.43516457043,1,0,Budorcas taxicolor,Budorcas,Caprinae,Bovidae,Artiodactyla,8,110,48.36
282,GAAGLPGPK,572,580,0,799.4293145704299,2,0,Budorcas taxicolor,Budorcas,Caprinae,Bovidae,Artiodactyla,8,110,50.7
283,GAAGLPGPKGDR,572,583,1,1143.57298233843,3,0,Budorcas taxicolor,Budorcas,Caprinae,Bovidae,Artiodactyla,11,111,5.94
284,GAAGLPGPKGDR,572,583,1,1127.57883233843,2,0,Budorcas taxicolor,Budorcas,Caprinae,Bovidae,Artiodactyla,11,111,50.92
285,GAAGLPGPKGDR,572,583,1,1111.58468233843,1,0,Budorcas taxicolor,Budorcas,Caprinae,Bovidae,Artiodactyla,11,111,52.52
286,GDRGDAGPK,581,589,1,872.422070031,0,0,Budorcas taxicolor,Budorcas,Caprinae,Bovidae,Artiodactyla,8,113,30.48
287,GDAGPKGADGAPGK,584,597,1,1213.57999088081,1,0,Budorcas taxicolor,Budorcas,Caprinae,Bovidae,Artiodactyla,13,115,3.24
288,GADGAPGK,590,597,0,704.31942976828,2,0,Budorcas taxicolor,Budorcas,Caprinae,Bovidae,Artiodactyla,7,117,7.77
289,GADGAPGK,590,597,0,688.32527976828,1,0,Budorcas taxicolor,Budorcas,Caprinae,Bovidae,Artiodactyla,7,117,16.34
290,GADGAPGKDGVR,590,601,1,1131.53736144927,2,0,Budorcas taxicolor,Budorcas,Caprinae,Bovidae,Artiodactyla,11,118,4.47
291,GADGAPGKDGVR,590,601,1,1099.54906144927,0,0,Budorcas taxicolor,Budorcas,Caprinae,Bovidae,Artiodactyla,11,118,42.78
292,GADGAPGKDGVR,590,601,1,1115.54321144927,1,0,Budorcas taxicolor,Budorcas,Caprinae,Bovidae,Artiodactyla,11,118,58.72
293,DGVRGLTGPIGPPGPAGAPGDK,598,619,1,2050.0169144290503,4,0,Budorcas taxicolor,Budorcas,Caprinae,Bovidae,Artiodactyla,21,119,0.36
294,DGVRGLTGPIGPPGPAGAPGDK,598,619,1,2034.02276442905,3,0,Budorcas taxicolor,Budorcas,Caprinae,Bovidae,Artiodactyla,21,119,1.34
295,GLTGPIGPPGPAGAPGDK,602,619,0,1654.78728274806,6,0,Budorcas taxicolor,Budorcas,Caprinae,Bovidae,Artiodactyla,17,121,0.73
296,GLTGPIGPPGPAGAPGDK,602,619,0,1590.81068274806,2,0,Budorcas taxicolor,Budorcas,Caprinae,Bovidae,Artiodactyla,17,121,22.31
297,GLTGPIGPPGPAGAPGDK,602,619,0,1606.80483274806,3,0,Budorcas taxicolor,Budorcas,Caprinae,Bovidae,Artiodactyla,17,121,41.73
298,GLTGPIGPPGPAGAPGDK,602,619,0,1574.81653274806,1,0,Budorcas taxicolor,Budorcas,Caprinae,Bovidae,Artiodactyla,17,121,68.59
299,GLTGPIGPPGPAGAPGDKGETGPSGPAGPTGAR,602,634,1,2931.4040599195396,5,0,Budorcas taxicolor,Budorcas,Caprinae,Bovidae,Artiodactyla,32,122,6.74
300,GLTGPIGPPGPAGAPGDKGETGPSGPAGPTGAR,602,634,1,2915.4099099195396,4,0,Budorcas taxicolor,Budorcas,Caprinae,Bovidae,Artiodactyla,32,122,23.65
301,GLTGPIGPPGPAGAPGDKGETGPSGPAGPTGAR,602,634,1,2899.4157599195396,3,0,Budorcas taxicolor,Budorcas,Caprinae,Bovidae,Artiodactyla,32,122,39.94
302,GLTGPIGPPGPAGAPGDKGETGPSGPAGPTGAR,602,634,1,2867.4274599195396,1,0,Budorcas taxicolor,Budorcas,Caprinae,Bovidae,Artiodactyla,32,122,52.7
303,GLTGPIGPPGPAGAPGDKGETGPSGPAGPTGAR,602,634,1,2883.4216099195396,2,0,Budorcas taxicolor,Budorcas,Caprinae,Bovidae,Artiodactyla,32,122,55.32
304,GETGPSGPAGPTGAR,620,634,0,1327.62291832195,1,0,Budorcas taxicolor,Budorcas,Caprinae,Bovidae,Artiodactyla,14,123,2.04
305,GETGPSGPAGPTGAR,620,634,0,1311.62876832195,0,0,Budorcas taxicolor,Budorcas,Caprinae,Bovidae,Artiodactyla,14,123,68.57
306,GAPGDRGEPGPPGPAGFAGPPGADGQPGAK,635,664,1,2752.2027686620195,7,1,Budorcas taxicolor,Budorcas,Caprinae,Bovidae,Artiodactyla,29,124,0.77
307,GAPGDRGEPGPPGPAGFAGPPGADGQPGAK,635,664,1,2735.2246026620196,6,0,Budorcas taxicolor,Budorcas,Caprinae,Bovidae,Artiodactyla,29,124,6.31
308,GAPGDRGEPGPPGPAGFAGPPGADGQPGAK,635,664,1,2688.2261686620195,3,1,Budorcas taxicolor,Budorcas,Caprinae,Bovidae,Artiodactyla,29,124,21.74
309,GAPGDRGEPGPPGPAGFAGPPGADGQPGAK,635,664,1,2671.2480026620196,2,0,Budorcas taxicolor,Budorcas,Caprinae,Bovidae,Artiodactyla,29,124,28.27
310,GAPGDRGEPGPPGPAGFAGPPGADGQPGAK,635,664,1,2704.2203186620195,4,1,Budorcas taxicolor,Budorcas,Caprinae,Bovidae,Artiodactyla,29,124,31.09
311,GAPGDRGEPGPPGPAGFAGPPGADGQPGAK,635,664,1,2687.2421526620196,3,0,Budorcas taxicolor,Budorcas,Caprinae,Bovidae,Artiodactyla,29,124,35.06
312,GAPGDRGEPGPPGPAGFAGPPGADGQPGAK,635,664,1,2720.2144686620195,5,1,Budorcas taxicolor,Budorcas,Caprinae,Bovidae,Artiodactyla,29,124,35.27
313,GAPGDRGEPGPPGPAGFAGPPGADGQPGAK,635,664,1,2703.2363026620196,4,0,Budorcas taxicolor,Budorcas,Caprinae,Bovidae,Artiodactyla,29,124,44.71
314,GAPGDRGEPGPPGPAGFAGPPGADGQPGAK,635,664,1,2719.2304526620196,5,0,Budorcas taxicolor,Budorcas,Caprinae,Bovidae,Artiodactyla,29,124,46.3
315,GEPGPPGPAGFAGPPGADGQPGAK,641,664,0,2086.9828595398894,0,1,Budorcas taxicolor,Budorcas,Caprinae,Bovidae,Artiodactyla,23,126,1.95
316,GEPGPPGPAGFAGPPGADGQPGAK,641,664,0,2101.9929935398895,1,0,Budorcas taxicolor,Budorcas,Caprinae,Bovidae,Artiodactyla,23,126,16.58
317,GEPGPPGPAGFAGPPGADGQPGAK,641,664,0,2165.9695935398895,5,0,Budorcas taxicolor,Budorcas,Caprinae,Bovidae,Artiodactyla,23,126,36.37
318,GEPGPPGPAGFAGPPGADGQPGAK,641,664,0,2134.9653095398894,3,1,Budorcas taxicolor,Budorcas,Caprinae,Bovidae,Artiodactyla,23,126,36.73
319,GEPGPPGPAGFAGPPGADGQPGAK,641,664,0,2150.9594595398894,4,1,Budorcas taxicolor,Budorcas,Caprinae,Bovidae,Artiodactyla,23,126,47.65
320,GEPGPPGPAGFAGPPGADGQPGAK,641,664,0,2118.9711595398894,2,1,Budorcas taxicolor,Budorcas,Caprinae,Bovidae,Artiodactyla,23,126,47.73
321,GEPGPPGPAGFAGPPGADGQPGAK,641,664,0,2133.9812935398895,3,0,Budorcas taxicolor,Budorcas,Caprinae,Bovidae,Artiodactyla,23,126,67.7
322,GEPGPPGPAGFAGPPGADGQPGAK,641,664,0,2149.9754435398895,4,0,Budorcas taxicolor,Budorcas,Caprinae,Bovidae,Artiodactyla,23,126,78.2
323,GEPGPPGPAGFAGPPGADGQPGAK,641,664,0,2117.9871435398895,2,0,Budorcas taxicolor,Budorcas,Caprinae,Bovidae,Artiodactyla,23,126,81.15
324,GEPGPPGPAGFAGPPGADGQPGAKGEPGDAGAK,641,673,1,2900.3430252456697,2,0,Budorcas taxicolor,Budorcas,Caprinae,Bovidae,Artiodactyla,32,127,0.1
325,GEPGPPGPAGFAGPPGADGQPGAKGEPGDAGAK,641,673,1,2965.3036412456695,6,1,Budorcas taxicolor,Budorcas,Caprinae,Bovidae,Artiodactyla,32,127,9.35
326,GEPGPPGPAGFAGPPGADGQPGAKGEPGDAGAK,641,673,1,2917.3211912456695,3,1,Budorcas taxicolor,Budorcas,Caprinae,Bovidae,Artiodactyla,32,127,11.82
327,GEPGPPGPAGFAGPPGADGQPGAKGEPGDAGAK,641,673,1,2964.3196252456696,6,0,Budorcas taxicolor,Budorcas,Caprinae,Bovidae,Artiodactyla,32,127,12.0
328,GEPGPPGPAGFAGPPGADGQPGAKGEPGDAGAK,641,673,1,2916.3371752456696,3,0,Budorcas taxicolor,Budorcas,Caprinae,Bovidae,Artiodactyla,32,127,12.51
329,GEPGPPGPAGFAGPPGADGQPGAKGEPGDAGAK,641,673,1,2933.3153412456695,4,1,Budorcas taxicolor,Budorcas,Caprinae,Bovidae,Artiodactyla,32,127,16.91
330,GEPGPPGPAGFAGPPGADGQPGAKGEPGDAGAK,641,673,1,2932.3313252456696,4,0,Budorcas taxicolor,Budorcas,Caprinae,Bovidae,Artiodactyla,32,127,17.65
331,GEPGPPGPAGFAGPPGADGQPGAKGEPGDAGAK,641,673,1,2948.3254752456696,5,0,Budorcas taxicolor,Budorcas,Caprinae,Bovidae,Artiodactyla,32,127,28.68
332,GEPGDAGAK,665,673,0,817.36787285625,1,0,Budorcas taxicolor,Budorcas,Caprinae,Bovidae,Artiodactyla,8,128,6.61
333,GEPGDAGAKGDAGPPGPAGPAGPPGPIGNVGAPGPK,665,700,1,3090.4740034889596,3,1,Budorcas taxicolor,Budorcas,Caprinae,Bovidae,Artiodactyla,35,129,0.58
334,GEPGDAGAKGDAGPPGPAGPAGPPGPIGNVGAPGPK,665,700,1,3122.4623034889596,5,1,Budorcas taxicolor,Budorcas,Caprinae,Bovidae,Artiodactyla,35,129,0.86
335,GEPGDAGAKGDAGPPGPAGPAGPPGPIGNVGAPGPK,665,700,1,3105.4841374889597,4,0,Budorcas taxicolor,Budorcas,Caprinae,Bovidae,Artiodactyla,35,129,29.3
336,GEPGDAGAKGDAGPPGPAGPAGPPGPIGNVGAPGPK,665,700,1,3138.4564534889596,6,1,Budorcas taxicolor,Budorcas,Caprinae,Bovidae,Artiodactyla,35,129,34.12
337,GEPGDAGAKGDAGPPGPAGPAGPPGPIGNVGAPGPK,665,700,1,3089.4899874889597,3,0,Budorcas taxicolor,Budorcas,Caprinae,Bovidae,Artiodactyla,35,129,42.38
338,GEPGDAGAKGDAGPPGPAGPAGPPGPIGNVGAPGPK,665,700,1,3106.4681534889596,4,1,Budorcas taxicolor,Budorcas,Caprinae,Bovidae,Artiodactyla,35,129,43.09
339,GEPGDAGAKGDAGPPGPAGPAGPPGPIGNVGAPGPK,665,700,1,3073.49583748896,2,0,Budorcas taxicolor,Budorcas,Caprinae,Bovidae,Artiodactyla,35,129,47.77
340,GEPGDAGAKGDAGPPGPAGPAGPPGPIGNVGAPGPK,665,700,1,3121.4782874889597,5,0,Budorcas taxicolor,Budorcas,Caprinae,Bovidae,Artiodactyla,35,129,50.18
341,GEPGDAGAKGDAGPPGPAGPAGPPGPIGNVGAPGPK,665,700,1,3137.4724374889597,6,0,Budorcas taxicolor,Budorcas,Caprinae,Bovidae,Artiodactyla,35,129,55.63
342,GDAGPPGPAGPAGPPGPIGNVGAPGPK,674,700,0,2356.10057178318,6,1,Budorcas taxicolor,Budorcas,Caprinae,Bovidae,Artiodactyla,26,131,0.45
343,GDAGPPGPAGPAGPPGPIGNVGAPGPK,674,700,0,2259.15165578318,0,0,Budorcas taxicolor,Budorcas,Caprinae,Bovidae,Artiodactyla,26,131,21.58
344,GDAGPPGPAGPAGPPGPIGNVGAPGPK,674,700,0,2308.11812178318,3,1,Budorcas taxicolor,Budorcas,Caprinae,Bovidae,Artiodactyla,26,131,33.38
345,GDAGPPGPAGPAGPPGPIGNVGAPGPK,674,700,0,2324.11227178318,4,1,Budorcas taxicolor,Budorcas,Caprinae,Bovidae,Artiodactyla,26,131,36.46
346,GDAGPPGPAGPAGPPGPIGNVGAPGPK,674,700,0,2323.12825578318,4,0,Budorcas taxicolor,Budorcas,Caprinae,Bovidae,Artiodactyla,26,131,53.92
347,GDAGPPGPAGPAGPPGPIGNVGAPGPK,674,700,0,2307.13410578318,3,0,Budorcas taxicolor,Budorcas,Caprinae,Bovidae,Artiodactyla,26,131,59.3
348,GDAGPPGPAGPAGPPGPIGNVGAPGPK,674,700,0,2292.12397178318,2,1,Budorcas taxicolor,Budorcas,Caprinae,Bovidae,Artiodactyla,26,131,61.27
349,GDAGPPGPAGPAGPPGPIGNVGAPGPK,674,700,0,2291.13995578318,2,0,Budorcas taxicolor,Budorcas,Caprinae,Bovidae,Artiodactyla,26,131,88.02
350,GDAGPPGPAGPAGPPGPIGNVGAPGPK,674,700,0,2275.14580578318,1,0,Budorcas taxicolor,Budorcas,Caprinae,Bovidae,Artiodactyla,26,131,88.97
351,GDAGPPGPAGPAGPPGPIGNVGAPGPKGAR,674,703,1,2608.2719603120595,4,1,Budorcas taxicolor,Budorcas,Caprinae,Bovidae,Artiodactyla,29,132,7.39
352,GDAGPPGPAGPAGPPGPIGNVGAPGPKGAR,674,703,1,2591.2937943120596,3,0,Budorcas taxicolor,Budorcas,Caprinae,Bovidae,Artiodactyla,29,132,17.95
353,GDAGPPGPAGPAGPPGPIGNVGAPGPKGAR,674,703,1,2623.2820943120596,5,0,Budorcas taxicolor,Budorcas,Caprinae,Bovidae,Artiodactyla,29,132,25.62
354,GDAGPPGPAGPAGPPGPIGNVGAPGPKGAR,674,703,1,2607.2879443120596,4,0,Budorcas taxicolor,Budorcas,Caprinae,Bovidae,Artiodactyla,29,132,45.02
355,GARGSAGPPGATGFPGAAGR,701,720,1,1759.84474049743,3,0,Budorcas taxicolor,Budorcas,Caprinae,Bovidae,Artiodactyla,19,133,8.68
356,GARGSAGPPGATGFPGAAGR,701,720,1,1743.85059049743,2,0,Budorcas taxicolor,Budorcas,Caprinae,Bovidae,Artiodactyla,19,133,66.56
357,GSAGPPGATGFPGAAGR,704,720,0,1443.69675196855,1,0,Budorcas taxicolor,Budorcas,Caprinae,Bovidae,Artiodactyla,16,135,8.49
358,GSAGPPGATGFPGAAGR,704,720,0,1475.68505196855,3,0,Budorcas taxicolor,Budorcas,Caprinae,Bovidae,Artiodactyla,16,135,51.21
359,GSAGPPGATGFPGAAGR,704,720,0,1459.69090196855,2,0,Budorcas taxicolor,Budorcas,Caprinae,Bovidae,Artiodactyla,16,135,114.73
360,GSAGPPGATGFPGAAGRVGPPGPSGNAGPPGPPGPAGK,704,741,1,3254.542285145159,5,1,Budorcas taxicolor,Budorcas,Caprinae,Bovidae,Artiodactyla,37,136,10.08
361,GSAGPPGATGFPGAAGRVGPPGPSGNAGPPGPPGPAGK,704,741,1,3253.5582691451596,5,0,Budorcas taxicolor,Budorcas,Caprinae,Bovidae,Artiodactyla,37,136,17.89
362,VGPPGPSGNAGPPGPPGPAGK,721,741,0,1861.85167432708,6,1,Budorcas taxicolor,Budorcas,Caprinae,Bovidae,Artiodactyla,20,137,6.06
363,VGPPGPSGNAGPPGPPGPAGK,721,741,0,1845.85752432708,5,1,Budorcas taxicolor,Budorcas,Caprinae,Bovidae,Artiodactyla,20,137,6.56
364,VGPPGPSGNAGPPGPPGPAGK,721,741,0,1797.8750743270805,2,1,Budorcas taxicolor,Budorcas,Caprinae,Bovidae,Artiodactyla,20,137,7.61
365,VGPPGPSGNAGPPGPPGPAGK,721,741,0,1877.84582432708,7,1,Budorcas taxicolor,Budorcas,Caprinae,Bovidae,Artiodactyla,20,137,8.16
366,VGPPGPSGNAGPPGPPGPAGK,721,741,0,1844.87350832708,5,0,Budorcas taxicolor,Budorcas,Caprinae,Bovidae,Artiodactyla,20,137,13.76
367,VGPPGPSGNAGPPGPPGPAGK,721,741,0,1829.86337432708,4,1,Budorcas taxicolor,Budorcas,Caprinae,Bovidae,Artiodactyla,20,137,36.95
368,VGPPGPSGNAGPPGPPGPAGK,721,741,0,1813.86922432708,3,1,Budorcas taxicolor,Budorcas,Caprinae,Bovidae,Artiodactyla,20,137,45.41
369,VGPPGPSGNAGPPGPPGPAGK,721,741,0,1796.89105832708,2,0,Budorcas taxicolor,Budorcas,Caprinae,Bovidae,Artiodactyla,20,137,46.04
370,VGPPGPSGNAGPPGPPGPAGK,721,741,0,1828.87935832708,4,0,Budorcas taxicolor,Budorcas,Caprinae,Bovidae,Artiodactyla,20,137,46.64
371,VGPPGPSGNAGPPGPPGPAGK,721,741,0,1812.88520832708,3,0,Budorcas taxicolor,Budorcas,Caprinae,Bovidae,Artiodactyla,20,137,60.93
372,VGPPGPSGNAGPPGPPGPAGKEGSK,721,745,1,2230.07040655389,4,0,Budorcas taxicolor,Budorcas,Caprinae,Bovidae,Artiodactyla,24,138,0.76
373,VGPPGPSGNAGPPGPPGPAGKEGSK,721,745,1,2262.05870655389,6,0,Budorcas taxicolor,Budorcas,Caprinae,Bovidae,Artiodactyla,24,138,1.56
374,VGPPGPSGNAGPPGPPGPAGKEGSK,721,745,1,2214.07625655389,3,0,Budorcas taxicolor,Budorcas,Caprinae,Bovidae,Artiodactyla,24,138,14.13
375,EGSKGPR,742,748,1,730.3842279702999,0,0,Budorcas taxicolor,Budorcas,Caprinae,Bovidae,Artiodactyla,6,140,31.68
376,GPRGETGPAGR,746,756,1,1054.53883111874,0,0,Budorcas taxicolor,Budorcas,Caprinae,Bovidae,Artiodactyla,10,141,5.59
377,GETGPAGR,749,756,0,744.36349252572,0,0,Budorcas taxicolor,Budorcas,Caprinae,Bovidae,Artiodactyla,7,142,21.52
378,GETGPAGRAGEVGPPGPPGPAGEK,749,772,1,2254.0164710451695,7,0,Budorcas taxicolor,Budorcas,Caprinae,Bovidae,Artiodactyla,23,143,0.49
379,GETGPAGRAGEVGPPGPPGPAGEK,749,772,1,2222.0281710451695,5,0,Budorcas taxicolor,Budorcas,Caprinae,Bovidae,Artiodactyla,23,143,2.86
380,GETGPAGRAGEVGPPGPPGPAGEK,749,772,1,2174.0457210451696,2,0,Budorcas taxicolor,Budorcas,Caprinae,Bovidae,Artiodactyla,23,143,44.97
381,GETGPAGRAGEVGPPGPPGPAGEK,749,772,1,2190.0398710451695,3,0,Budorcas taxicolor,Budorcas,Caprinae,Bovidae,Artiodactyla,23,143,46.48
382,GETGPAGRAGEVGPPGPPGPAGEK,749,772,1,2206.0340210451695,4,0,Budorcas taxicolor,Budorcas,Caprinae,Bovidae,Artiodactyla,23,143,48.46
383,AGEVGPPGPPGPAGEK,757,772,0,1464.69421966992,3,0,Budorcas taxicolor,Budorcas,Caprinae,Bovidae,Artiodactyla,15,144,48.75
384,AGEVGPPGPPGPAGEK,757,772,0,1480.68836966992,4,0,Budorcas taxicolor,Budorcas,Caprinae,Bovidae,Artiodactyla,15,144,48.76
385,AGEVGPPGPPGPAGEK,757,772,0,1448.70006966992,2,0,Budorcas taxicolor,Budorcas,Caprinae,Bovidae,Artiodactyla,15,144,61.05
386,AGEVGPPGPPGPAGEKGAPGADGPAGAPGTPGPQGIAGQR,757,796,1,3488.66615110581,2,2,Budorcas taxicolor,Budorcas,Caprinae,Bovidae,Artiodactyla,39,145,0.89
387,AGEVGPPGPPGPAGEKGAPGADGPAGAPGTPGPQGIAGQR,757,796,1,3472.67200110581,1,2,Budorcas taxicolor,Budorcas,Caprinae,Bovidae,Artiodactyla,39,145,3.1
388,GAPGADGPAGAPGTPGPQGIAGQR,773,796,0,2138.9546725863597,5,2,Budorcas taxicolor,Budorcas,Caprinae,Bovidae,Artiodactyla,23,146,4.18
389,GAPGADGPAGAPGTPGPQGIAGQR,773,796,0,2089.9882065863594,2,1,Budorcas taxicolor,Budorcas,Caprinae,Bovidae,Artiodactyla,23,146,34.37
390,GAPGADGPAGAPGTPGPQGIAGQR,773,796,0,2057.0158905863595,0,0,Budorcas taxicolor,Budorcas,Caprinae,Bovidae,Artiodactyla,23,146,38.8
391,GAPGADGPAGAPGTPGPQGIAGQR,773,796,0,2090.9722225863597,2,2,Budorcas taxicolor,Budorcas,Caprinae,Bovidae,Artiodactyla,23,146,39.74
392,GAPGADGPAGAPGTPGPQGIAGQR,773,796,0,2074.97807258636,1,2,Budorcas taxicolor,Budorcas,Caprinae,Bovidae,Artiodactyla,23,146,40.19
393,GAPGADGPAGAPGTPGPQGIAGQR,773,796,0,2106.9663725863597,3,2,Budorcas taxicolor,Budorcas,Caprinae,Bovidae,Artiodactyla,23,146,52.79
394,GAPGADGPAGAPGTPGPQGIAGQR,773,796,0,2057.999906586359,0,1,Budorcas taxicolor,Budorcas,Caprinae,Bovidae,Artiodactyla,23,146,52.96
395,GAPGADGPAGAPGTPGPQGIAGQR,773,796,0,2105.9823565863594,3,1,Budorcas taxicolor,Budorcas,Caprinae,Bovidae,Artiodactyla,23,146,54.89
396,GAPGADGPAGAPGTPGPQGIAGQR,773,796,0,2073.0100405863595,1,0,Budorcas taxicolor,Budorcas,Caprinae,Bovidae,Artiodactyla,23,146,69.4
397,GAPGADGPAGAPGTPGPQGIAGQR,773,796,0,2073.9940565863594,1,1,Budorcas taxicolor,Budorcas,Caprinae,Bovidae,Artiodactyla,23,146,78.52
398,GAPGADGPAGAPGTPGPQGIAGQR,773,796,0,2104.9983405863595,3,0,Budorcas taxicolor,Budorcas,Caprinae,Bovidae,Artiodactyla,23,146,89.45
399,GAPGADGPAGAPGTPGPQGIAGQR,773,796,0,2089.0041905863595,2,0,Budorcas taxicolor,Budorcas,Caprinae,Bovidae,Artiodactyla,23,146,95.12
400,GAPGADGPAGAPGTPGPQGIAGQRGVVGLPGQR,773,805,1,2984.4902259289097,4,0,Budorcas taxicolor,Budorcas,Caprinae,Bovidae,Artiodactyla,32,147,6.9
401,GAPGADGPAGAPGTPGPQGIAGQRGVVGLPGQR,773,805,1,2970.46410792891,3,2,Budorcas taxicolor,Budorcas,Caprinae,Bovidae,Artiodactyla,32,147,12.06
402,GVVGLPGQR,797,805,0,883.4995924930199,0,1,Budorcas taxicolor,Budorcas,Caprinae,Bovidae,Artiodactyla,8,148,27.73
403,GVVGLPGQR,797,805,0,882.5155764930199,0,0,Budorcas taxicolor,Budorcas,Caprinae,Bovidae,Artiodactyla,8,148,39.57
404,GVVGLPGQR,797,805,0,899.4937424930199,1,1,Budorcas taxicolor,Budorcas,Caprinae,Bovidae,Artiodactyla,8,148,46.98
405,GVVGLPGQR,797,805,0,898.5097264930199,1,0,Budorcas taxicolor,Budorcas,Caprinae,Bovidae,Artiodactyla,8,148,53.81
406,GVVGLPGQRGER,797,808,1,1241.6589103251602,1,1,Budorcas taxicolor,Budorcas,Caprinae,Bovidae,Artiodactyla,11,149,27.08
407,GVVGLPGQRGER,797,808,1,1240.67489432516,1,0,Budorcas taxicolor,Budorcas,Caprinae,Bovidae,Artiodactyla,11,149,35.68
408,GERGFPGLPGPSGEPGK,806,822,1,1654.81759537722,1,0,Budorcas taxicolor,Budorcas,Caprinae,Bovidae,Artiodactyla,16,150,11.64
409,GERGFPGLPGPSGEPGK,806,822,1,1686.80589537722,3,0,Budorcas taxicolor,Budorcas,Caprinae,Bovidae,Artiodactyla,16,150,16.13
410,GERGFPGLPGPSGEPGK,806,822,1,1670.81174537722,2,0,Budorcas taxicolor,Budorcas,Caprinae,Bovidae,Artiodactyla,16,150,24.96
411,GFPGLPGPSGEPGK,809,822,0,1360.63487754508,4,0,Budorcas taxicolor,Budorcas,Caprinae,Bovidae,Artiodactyla,13,151,17.46
412,GFPGLPGPSGEPGK,809,822,0,1296.65827754508,0,0,Budorcas taxicolor,Budorcas,Caprinae,Bovidae,Artiodactyla,13,151,33.81
413,GFPGLPGPSGEPGK,809,822,0,1312.65242754508,1,0,Budorcas taxicolor,Budorcas,Caprinae,Bovidae,Artiodactyla,13,151,64.84
414,GFPGLPGPSGEPGK,809,822,0,1344.64072754508,3,0,Budorcas taxicolor,Budorcas,Caprinae,Bovidae,Artiodactyla,13,151,67.95
415,GFPGLPGPSGEPGK,809,822,0,1328.64657754508,2,0,Budorcas taxicolor,Budorcas,Caprinae,Bovidae,Artiodactyla,13,151,70.99
416,GFPGLPGPSGEPGKQGPSGASGER,809,832,1,2272.0453507657394,3,1,Budorcas taxicolor,Budorcas,Caprinae,Bovidae,Artiodactyla,23,152,4.58
417,GFPGLPGPSGEPGKQGPSGASGER,809,832,1,2256.0512007657394,2,1,Budorcas taxicolor,Budorcas,Caprinae,Bovidae,Artiodactyla,23,152,12.68
418,GFPGLPGPSGEPGKQGPSGASGER,809,832,1,2240.0570507657394,1,1,Budorcas taxicolor,Budorcas,Caprinae,Bovidae,Artiodactyla,23,152,15.92
419,GFPGLPGPSGEPGKQGPSGASGER,809,832,1,2271.0613347657395,3,0,Budorcas taxicolor,Budorcas,Caprinae,Bovidae,Artiodactyla,23,152,43.63
420,GFPGLPGPSGEPGKQGPSGASGER,809,832,1,2255.0671847657395,2,0,Budorcas taxicolor,Budorcas,Caprinae,Bovidae,Artiodactyla,23,152,52.15
421,QGPSGASGER,823,832,0,946.42246437113,0,1,Budorcas taxicolor,Budorcas,Caprinae,Bovidae,Artiodactyla,9,153,13.67
422,QGPSGASGER,823,832,0,945.43844837113,0,0,Budorcas taxicolor,Budorcas,Caprinae,Bovidae,Artiodactyla,9,153,49.38
423,QGPSGASGERGPPGPMGPPGLAGPPGESGR,823,852,1,2792.2502025477397,5,1,Budorcas taxicolor,Budorcas,Caprinae,Bovidae,Artiodactyla,29,154,4.49
424,QGPSGASGERGPPGPMGPPGLAGPPGESGR,823,852,1,2712.27945254774,0,1,Budorcas taxicolor,Budorcas,Caprinae,Bovidae,Artiodactyla,29,154,13.78
425,QGPSGASGERGPPGPMGPPGLAGPPGESGR,823,852,1,2727.28958654774,1,0,Budorcas taxicolor,Budorcas,Caprinae,Bovidae,Artiodactyla,29,154,16.54
426,QGPSGASGERGPPGPMGPPGLAGPPGESGR,823,852,1,2791.26618654774,5,0,Budorcas taxicolor,Budorcas,Caprinae,Bovidae,Artiodactyla,29,154,20.69
427,QGPSGASGERGPPGPMGPPGLAGPPGESGR,823,852,1,2711.29543654774,0,0,Budorcas taxicolor,Budorcas,Caprinae,Bovidae,Artiodactyla,29,154,21.92
428,QGPSGASGERGPPGPMGPPGLAGPPGESGR,823,852,1,2775.27203654774,4,0,Budorcas taxicolor,Budorcas,Caprinae,Bovidae,Artiodactyla,29,154,27.18
429,QGPSGASGERGPPGPMGPPGLAGPPGESGR,823,852,1,2744.2677525477397,2,1,Budorcas taxicolor,Budorcas,Caprinae,Bovidae,Artiodactyla,29,154,44.36
430,QGPSGASGERGPPGPMGPPGLAGPPGESGR,823,852,1,2759.27788654774,3,0,Budorcas taxicolor,Budorcas,Caprinae,Bovidae,Artiodactyla,29,154,46.09
431,QGPSGASGERGPPGPMGPPGLAGPPGESGR,823,852,1,2743.28373654774,2,0,Budorcas taxicolor,Budorcas,Caprinae,Bovidae,Artiodactyla,29,154,46.66
432,GPPGPMGPPGLAGPPGESGR,833,852,0,1848.85142932708,4,0,Budorcas taxicolor,Budorcas,Caprinae,Bovidae,Artiodactyla,19,156,65.51
433,GPPGPMGPPGLAGPPGESGR,833,852,0,1864.84557932708,5,0,Budorcas taxicolor,Budorcas,Caprinae,Bovidae,Artiodactyla,19,156,66.68
434,GPPGPMGPPGLAGPPGESGR,833,852,0,1816.86312932708,2,0,Budorcas taxicolor,Budorcas,Caprinae,Bovidae,Artiodactyla,19,156,79.01
435,GPPGPMGPPGLAGPPGESGR,833,852,0,1800.86897932708,1,0,Budorcas taxicolor,Budorcas,Caprinae,Bovidae,Artiodactyla,19,156,83.81
436,GPPGPMGPPGLAGPPGESGR,833,852,0,1784.87482932708,0,0,Budorcas taxicolor,Budorcas,Caprinae,Bovidae,Artiodactyla,19,156,84.71
437,GPPGPMGPPGLAGPPGESGR,833,852,0,1832.85727932708,3,0,Budorcas taxicolor,Budorcas,Caprinae,Bovidae,Artiodactyla,19,156,97.64
438,GPPGPMGPPGLAGPPGESGREGAPGAEGSPGR,833,864,1,2898.3412150802897,3,0,Budorcas taxicolor,Budorcas,Caprinae,Bovidae,Artiodactyla,31,157,0.94
439,GPPGPMGPPGLAGPPGESGREGAPGAEGSPGR,833,864,1,2946.3236650802896,6,0,Budorcas taxicolor,Budorcas,Caprinae,Bovidae,Artiodactyla,31,157,5.15
440,GPPGPMGPPGLAGPPGESGREGAPGAEGSPGR,833,864,1,2930.3295150802896,5,0,Budorcas taxicolor,Budorcas,Caprinae,Bovidae,Artiodactyla,31,157,24.08
441,EGAPGAEGSPGR,853,864,0,1084.50177690368,0,0,Budorcas taxicolor,Budorcas,Caprinae,Bovidae,Artiodactyla,11,158,23.1
442,EGAPGAEGSPGR,853,864,0,1116.49007690368,2,0,Budorcas taxicolor,Budorcas,Caprinae,Bovidae,Artiodactyla,11,158,60.88
443,EGAPGAEGSPGR,853,864,0,1100.49592690368,1,0,Budorcas taxicolor,Budorcas,Caprinae,Bovidae,Artiodactyla,11,158,67.54
444,EGAPGAEGSPGRDGAPGAK,853,871,1,1696.78775180092,1,0,Budorcas taxicolor,Budorcas,Caprinae,Bovidae,Artiodactyla,18,159,14.11
445,EGAPGAEGSPGRDGAPGAK,853,871,1,1712.78190180092,2,0,Budorcas taxicolor,Budorcas,Caprinae,Bovidae,Artiodactyla,18,159,51.54
446,EGAPGAEGSPGRDGAPGAK,853,871,1,1728.77605180092,3,0,Budorcas taxicolor,Budorcas,Caprinae,Bovidae,Artiodactyla,18,159,61.67
447,DGAPGAKGDR,865,874,1,943.45918381571,0,0,Budorcas taxicolor,Budorcas,Caprinae,Bovidae,Artiodactyla,9,161,29.67
448,DGAPGAKGDR,865,874,1,959.45333381571,1,0,Budorcas taxicolor,Budorcas,Caprinae,Bovidae,Artiodactyla,9,161,40.61
449,DGAPGAKGDR,865,874,1,975.44748381571,2,0,Budorcas taxicolor,Budorcas,Caprinae,Bovidae,Artiodactyla,9,161,47.79
450,GDRGETGPAGPPGAPGAPGAPGPVGPAGK,872,900,1,2529.19261060132,5,0,Budorcas taxicolor,Budorcas,Caprinae,Bovidae,Artiodactyla,28,163,21.89
451,GDRGETGPAGPPGAPGAPGAPGPVGPAGK,872,900,1,2449.22186060132,0,0,Budorcas taxicolor,Budorcas,Caprinae,Bovidae,Artiodactyla,28,163,32.29
452,GDRGETGPAGPPGAPGAPGAPGPVGPAGK,872,900,1,2465.21601060132,1,0,Budorcas taxicolor,Budorcas,Caprinae,Bovidae,Artiodactyla,28,163,39.83
453,GDRGETGPAGPPGAPGAPGAPGPVGPAGK,872,900,1,2497.20431060132,3,0,Budorcas taxicolor,Budorcas,Caprinae,Bovidae,Artiodactyla,28,163,44.88
454,GDRGETGPAGPPGAPGAPGAPGPVGPAGK,872,900,1,2513.19846060132,4,0,Budorcas taxicolor,Budorcas,Caprinae,Bovidae,Artiodactyla,28,163,45.33
455,GDRGETGPAGPPGAPGAPGAPGPVGPAGK,872,900,1,2481.21016060132,2,0,Budorcas taxicolor,Budorcas,Caprinae,Bovidae,Artiodactyla,28,163,57.2
456,GETGPAGPPGAPGAPGAPGPVGPAGK,875,900,0,2217.03724283332,6,0,Budorcas taxicolor,Budorcas,Caprinae,Bovidae,Artiodactyla,25,164,11.29
457,GETGPAGPPGAPGAPGAPGPVGPAGK,875,900,0,2137.06649283332,1,0,Budorcas taxicolor,Budorcas,Caprinae,Bovidae,Artiodactyla,25,164,53.67
458,GETGPAGPPGAPGAPGAPGPVGPAGK,875,900,0,2153.06064283332,2,0,Budorcas taxicolor,Budorcas,Caprinae,Bovidae,Artiodactyla,25,164,59.46
459,GETGPAGPPGAPGAPGAPGPVGPAGK,875,900,0,2185.04894283332,4,0,Budorcas taxicolor,Budorcas,Caprinae,Bovidae,Artiodactyla,25,164,67.18
460,GETGPAGPPGAPGAPGAPGPVGPAGK,875,900,0,2169.05479283332,3,0,Budorcas taxicolor,Budorcas,Caprinae,Bovidae,Artiodactyla,25,164,81.0
461,GETGPAGPPGAPGAPGAPGPVGPAGKSGDR,875,904,1,2632.2187890055898,6,0,Budorcas taxicolor,Budorcas,Caprinae,Bovidae,Artiodactyla,29,165,9.76
462,GETGPAGPPGAPGAPGAPGPVGPAGKSGDR,875,904,1,2616.22463900559,5,0,Budorcas taxicolor,Budorcas,Caprinae,Bovidae,Artiodactyla,29,165,16.53
463,SGDRGETGPAGPAGPVGPVGAR,901,922,1,1993.96707680165,2,0,Budorcas taxicolor,Budorcas,Caprinae,Bovidae,Artiodactyla,21,166,9.69
464,SGDRGETGPAGPAGPVGPVGAR,901,922,1,1977.97292680165,1,0,Budorcas taxicolor,Budorcas,Caprinae,Bovidae,Artiodactyla,21,166,25.78
465,SGDRGETGPAGPAGPVGPVGAR,901,922,1,1961.97877680165,0,0,Budorcas taxicolor,Budorcas,Caprinae,Bovidae,Artiodactyla,21,166,70.74
466,GETGPAGPAGPVGPVGAR,905,922,0,1578.78553062938,2,0,Budorcas taxicolor,Budorcas,Caprinae,Bovidae,Artiodactyla,17,168,12.65
467,GETGPAGPAGPVGPVGAR,905,922,0,1562.79138062938,1,0,Budorcas taxicolor,Budorcas,Caprinae,Bovidae,Artiodactyla,17,168,61.71
468,GETGPAGPAGPVGPVGAR,905,922,0,1546.79723062938,0,0,Budorcas taxicolor,Budorcas,Caprinae,Bovidae,Artiodactyla,17,168,84.59
469,GETGPAGPAGPVGPVGARGPAGPQGPR,905,931,1,2428.1933156512296,4,0,Budorcas taxicolor,Budorcas,Caprinae,Bovidae,Artiodactyla,26,169,0.79
470,GETGPAGPAGPVGPVGARGPAGPQGPR,905,931,1,2364.2167156512296,0,0,Budorcas taxicolor,Budorcas,Caprinae,Bovidae,Artiodactyla,26,169,15.88
471,GPAGPQGPR,923,931,0,884.4197761723199,3,0,Budorcas taxicolor,Budorcas,Caprinae,Bovidae,Artiodactyla,8,170,1.48
472,GPAGPQGPR,923,931,0,885.4037921723199,3,1,Budorcas taxicolor,Budorcas,Caprinae,Bovidae,Artiodactyla,8,170,2.94
473,GPAGPQGPR,923,931,0,869.4096421723199,2,1,Budorcas taxicolor,Budorcas,Caprinae,Bovidae,Artiodactyla,8,170,4.48
474,GPAGPQGPR,923,931,0,868.4256261723199,2,0,Budorcas taxicolor,Budorcas,Caprinae,Bovidae,Artiodactyla,8,170,15.27
475,GPAGPQGPR,923,931,0,852.4314761723199,1,0,Budorcas taxicolor,Budorcas,Caprinae,Bovidae,Artiodactyla,8,170,28.57
476,GPAGPQGPR,923,931,0,837.4213421723199,0,1,Budorcas taxicolor,Budorcas,Caprinae,Bovidae,Artiodactyla,8,170,47.22
477,GPAGPQGPR,923,931,0,836.4373261723199,0,0,Budorcas taxicolor,Budorcas,Caprinae,Bovidae,Artiodactyla,8,170,56.87
478,GPAGPQGPRGDK,923,934,1,1152.57484593072,1,0,Budorcas taxicolor,Budorcas,Caprinae,Bovidae,Artiodactyla,11,172,14.89
479,GPAGPQGPRGDK,923,934,1,1136.58069593072,0,0,Budorcas taxicolor,Budorcas,Caprinae,Bovidae,Artiodactyla,11,172,26.29
480,GPAGPQGPRGDK,923,934,1,1137.56471193072,0,1,Budorcas taxicolor,Budorcas,Caprinae,Bovidae,Artiodactyla,11,172,27.08
481,GETGEQGDRGIK,935,946,1,1246.60221922094,0,0,Budorcas taxicolor,Budorcas,Caprinae,Bovidae,Artiodactyla,11,173,38.84
482,GDKGETGEQGDR,932,943,1,1248.54509826764,0,0,Budorcas taxicolor,Budorcas,Caprinae,Bovidae,Artiodactyla,11,173,38.84
483,GETGEQGDRGIK,935,946,1,1247.58623522094,0,1,Budorcas taxicolor,Budorcas,Caprinae,Bovidae,Artiodactyla,11,173,42.88
484,GDKGETGEQGDR,932,943,1,1249.52911426764,0,1,Budorcas taxicolor,Budorcas,Caprinae,Bovidae,Artiodactyla,11,173,42.88
485,GETGEQGDRGIK,935,946,1,1262.59636922094,1,0,Budorcas taxicolor,Budorcas,Caprinae,Bovidae,Artiodactyla,11,173,48.38
486,GDKGETGEQGDR,932,943,1,1264.53924826764,1,0,Budorcas taxicolor,Budorcas,Caprinae,Bovidae,Artiodactyla,11,173,48.38
487,GETGEQGDR,935,943,0,948.40172850924,0,0,Budorcas taxicolor,Budorcas,Caprinae,Bovidae,Artiodactyla,8,175,39.64
488,GHRGFSGLQGPPGPPGSPGEQGPSGASGPAGPR,947,979,1,3057.40223594834,3,2,Budorcas taxicolor,Budorcas,Caprinae,Bovidae,Artiodactyla,32,176,0.41
489,GHRGFSGLQGPPGPPGSPGEQGPSGASGPAGPR,947,979,1,3120.39481994834,7,1,Budorcas taxicolor,Budorcas,Caprinae,Bovidae,Artiodactyla,32,176,4.6
490,GHRGFSGLQGPPGPPGSPGEQGPSGASGPAGPR,947,979,1,3087.42250394834,5,0,Budorcas taxicolor,Budorcas,Caprinae,Bovidae,Artiodactyla,32,176,4.73
491,GFSGLQGPPGPPGSPGEQGPSGASGPAGPR,950,979,0,2721.2468673457197,4,0,Budorcas taxicolor,Budorcas,Caprinae,Bovidae,Artiodactyla,29,177,26.79
492,GFSGLQGPPGPPGSPGEQGPSGASGPAGPR,950,979,0,2657.2702673457197,0,0,Budorcas taxicolor,Budorcas,Caprinae,Bovidae,Artiodactyla,29,177,27.62
493,GFSGLQGPPGPPGSPGEQGPSGASGPAGPR,950,979,0,2658.2542833457196,0,1,Budorcas taxicolor,Budorcas,Caprinae,Bovidae,Artiodactyla,29,177,38.36
494,GFSGLQGPPGPPGSPGEQGPSGASGPAGPR,950,979,0,2675.23244934572,1,2,Budorcas taxicolor,Budorcas,Caprinae,Bovidae,Artiodactyla,29,177,40.15
495,GFSGLQGPPGPPGSPGEQGPSGASGPAGPR,950,979,0,2691.22659934572,2,2,Budorcas taxicolor,Budorcas,Caprinae,Bovidae,Artiodactyla,29,177,41.78
496,GFSGLQGPPGPPGSPGEQGPSGASGPAGPR,950,979,0,2707.22074934572,3,2,Budorcas taxicolor,Budorcas,Caprinae,Bovidae,Artiodactyla,29,177,68.08
497,GFSGLQGPPGPPGSPGEQGPSGASGPAGPR,950,979,0,2689.2585673457197,2,0,Budorcas taxicolor,Budorcas,Caprinae,Bovidae,Artiodactyla,29,177,72.1
498,GFSGLQGPPGPPGSPGEQGPSGASGPAGPR,950,979,0,2706.2367333457196,3,1,Budorcas taxicolor,Budorcas,Caprinae,Bovidae,Artiodactyla,29,177,72.53
499,GFSGLQGPPGPPGSPGEQGPSGASGPAGPR,950,979,0,2673.2644173457197,1,0,Budorcas taxicolor,Budorcas,Caprinae,Bovidae,Artiodactyla,29,177,79.53
500,GFSGLQGPPGPPGSPGEQGPSGASGPAGPR,950,979,0,2674.2484333457196,1,1,Budorcas taxicolor,Budorcas,Caprinae,Bovidae,Artiodactyla,29,177,80.33
501,GFSGLQGPPGPPGSPGEQGPSGASGPAGPR,950,979,0,2690.2425833457196,2,1,Budorcas taxicolor,Budorcas,Caprinae,Bovidae,Artiodactyla,29,177,86.93
502,GFSGLQGPPGPPGSPGEQGPSGASGPAGPR,950,979,0,2705.2527173457197,3,0,Budorcas taxicolor,Budorcas,Caprinae,Bovidae,Artiodactyla,29,177,96.64
503,GFSGLQGPPGPPGSPGEQGPSGASGPAGPRGPPGSAGTPGK,950,990,1,3659.69109744594,6,0,Budorcas taxicolor,Budorcas,Caprinae,Bovidae,Artiodactyla,40,178,2.36
504,GFSGLQGPPGPPGSPGEQGPSGASGPAGPRGPPGSAGTPGK,950,990,1,3627.70279744594,4,0,Budorcas taxicolor,Budorcas,Caprinae,Bovidae,Artiodactyla,40,178,18.08
505,GPPGSAGTPGK,980,990,0,925.47377125069,0,0,Budorcas taxicolor,Budorcas,Caprinae,Bovidae,Artiodactyla,10,179,47.33
506,GPPGSAGTPGK,980,990,0,957.46207125069,2,0,Budorcas taxicolor,Budorcas,Caprinae,Bovidae,Artiodactyla,10,179,56.26
507,GPPGSAGTPGK,980,990,0,941.46792125069,1,0,Budorcas taxicolor,Budorcas,Caprinae,Bovidae,Artiodactyla,10,179,67.87
508,GPPGSAGTPGKDGLNGLPGPIGPPGPR,980,1006,1,2452.25638251775,2,0,Budorcas taxicolor,Budorcas,Caprinae,Bovidae,Artiodactyla,26,180,22.8
509,GPPGSAGTPGKDGLNGLPGPIGPPGPR,980,1006,1,2517.2169985177497,6,1,Budorcas taxicolor,Budorcas,Caprinae,Bovidae,Artiodactyla,26,180,29.86
510,GPPGSAGTPGKDGLNGLPGPIGPPGPR,980,1006,1,2516.23298251775,6,0,Budorcas taxicolor,Budorcas,Caprinae,Bovidae,Artiodactyla,26,180,31.82
511,GPPGSAGTPGKDGLNGLPGPIGPPGPR,980,1006,1,2453.24039851775,2,1,Budorcas taxicolor,Budorcas,Caprinae,Bovidae,Artiodactyla,26,180,40.77
512,GPPGSAGTPGKDGLNGLPGPIGPPGPR,980,1006,1,2484.24468251775,4,0,Budorcas taxicolor,Budorcas,Caprinae,Bovidae,Artiodactyla,26,180,41.78
513,GPPGSAGTPGKDGLNGLPGPIGPPGPR,980,1006,1,2469.2345485177498,3,1,Budorcas taxicolor,Budorcas,Caprinae,Bovidae,Artiodactyla,26,180,44.82
514,GPPGSAGTPGKDGLNGLPGPIGPPGPR,980,1006,1,2500.23883251775,5,0,Budorcas taxicolor,Budorcas,Caprinae,Bovidae,Artiodactyla,26,180,47.29
515,GPPGSAGTPGKDGLNGLPGPIGPPGPR,980,1006,1,2485.2286985177498,4,1,Budorcas taxicolor,Budorcas,Caprinae,Bovidae,Artiodactyla,26,180,53.81
516,GPPGSAGTPGKDGLNGLPGPIGPPGPR,980,1006,1,2501.2228485177498,5,1,Budorcas taxicolor,Budorcas,Caprinae,Bovidae,Artiodactyla,26,180,54.76
517,GPPGSAGTPGKDGLNGLPGPIGPPGPR,980,1006,1,2468.25053251775,3,0,Budorcas taxicolor,Budorcas,Caprinae,Bovidae,Artiodactyla,26,180,61.03
518,DGLNGLPGPIGPPGPR,991,1006,0,1513.81215241753,0,0,Budorcas taxicolor,Budorcas,Caprinae,Bovidae,Artiodactyla,15,181,15.98
519,DGLNGLPGPIGPPGPR,991,1006,0,1529.80630241753,1,0,Budorcas taxicolor,Budorcas,Caprinae,Bovidae,Artiodactyla,15,181,19.89
520,DGLNGLPGPIGPPGPR,991,1006,0,1577.78875241753,4,0,Budorcas taxicolor,Budorcas,Caprinae,Bovidae,Artiodactyla,15,181,25.2
521,DGLNGLPGPIGPPGPR,991,1006,0,1578.7727684175302,4,1,Budorcas taxicolor,Budorcas,Caprinae,Bovidae,Artiodactyla,15,181,30.45
522,DGLNGLPGPIGPPGPR,991,1006,0,1561.79460241753,3,0,Budorcas taxicolor,Budorcas,Caprinae,Bovidae,Artiodactyla,15,181,46.68
523,DGLNGLPGPIGPPGPR,991,1006,0,1530.7903184175302,1,1,Budorcas taxicolor,Budorcas,Caprinae,Bovidae,Artiodactyla,15,181,50.67
524,DGLNGLPGPIGPPGPR,991,1006,0,1545.80045241753,2,0,Budorcas taxicolor,Budorcas,Caprinae,Bovidae,Artiodactyla,15,181,62.38
525,DGLNGLPGPIGPPGPR,991,1006,0,1562.7786184175302,3,1,Budorcas taxicolor,Budorcas,Caprinae,Bovidae,Artiodactyla,15,181,64.8
526,DGLNGLPGPIGPPGPR,991,1006,0,1546.7844684175302,2,1,Budorcas taxicolor,Budorcas,Caprinae,Bovidae,Artiodactyla,15,181,67.33
527,DGLNGLPGPIGPPGPRGR,991,1008,1,1775.9011931617,3,1,Budorcas taxicolor,Budorcas,Caprinae,Bovidae,Artiodactyla,17,182,12.85
528,DGLNGLPGPIGPPGPRGR,991,1008,1,1774.9171771617,3,0,Budorcas taxicolor,Budorcas,Caprinae,Bovidae,Artiodactyla,17,182,14.63
529,GRTGDAGPAGPPGPPGPPGPPGPPSGGYDLSFLPQPPQEK,1007,1046,1,3834.82304567003,2,2,Budorcas taxicolor,Budorcas,Caprinae,Bovidae,Artiodactyla,39,183,0.81
530,GRTGDAGPAGPPGPPGPPGPPGPPSGGYDLSFLPQPPQEK,1007,1046,1,3849.8331796700295,3,1,Budorcas taxicolor,Budorcas,Caprinae,Bovidae,Artiodactyla,39,183,19.69
531,GRTGDAGPAGPPGPPGPPGPPGPPSGGYDLSFLPQPPQEK,1007,1046,1,3864.8433136700296,4,0,Budorcas taxicolor,Budorcas,Caprinae,Bovidae,Artiodactyla,39,183,33.93
532,GRTGDAGPAGPPGPPGPPGPPGPPSGGYDLSFLPQPPQEK,1007,1046,1,3848.8491636700296,3,0,Budorcas taxicolor,Budorcas,Caprinae,Bovidae,Artiodactyla,39,183,35.19
533,GRTGDAGPAGPPGPPGPPGPPGPPSGGYDLSFLPQPPQEK,1007,1046,1,3880.8374636700296,5,0,Budorcas taxicolor,Budorcas,Caprinae,Bovidae,Artiodactyla,39,183,42.62
534,TGDAGPAGPPGPPGPPGPPGPPSGGYDLSFLPQPPQEK,1009,1046,0,3685.67707092586,6,2,Budorcas taxicolor,Budorcas,Caprinae,Bovidae,Artiodactyla,37,184,2.55
535,TGDAGPAGPPGPPGPPGPPGPPSGGYDLSFLPQPPQEK,1009,1046,0,3715.697338925859,8,0,Budorcas taxicolor,Budorcas,Caprinae,Bovidae,Artiodactyla,37,184,2.65
536,TGDAGPAGPPGPPGPPGPPGPPSGGYDLSFLPQPPQEK,1009,1046,0,3636.710604925859,3,1,Budorcas taxicolor,Budorcas,Caprinae,Bovidae,Artiodactyla,37,184,8.44
537,TGDAGPAGPPGPPGPPGPPGPPSGGYDLSFLPQPPQEK,1009,1046,0,3635.72658892586,3,0,Budorcas taxicolor,Budorcas,Caprinae,Bovidae,Artiodactyla,37,184,13.18
538,TGDAGPAGPPGPPGPPGPPGPPSGGYDLSFLPQPPQEK,1009,1046,0,3651.72073892586,4,0,Budorcas taxicolor,Budorcas,Caprinae,Bovidae,Artiodactyla,37,184,13.83
539,TGDAGPAGPPGPPGPPGPPGPPSGGYDLSFLPQPPQEK,1009,1046,0,3652.704754925859,4,1,Budorcas taxicolor,Budorcas,Caprinae,Bovidae,Artiodactyla,37,184,15.21
540,TGDAGPAGPPGPPGPPGPPGPPSGGYDLSFLPQPPQEK,1009,1046,0,3667.71488892586,5,0,Budorcas taxicolor,Budorcas,Caprinae,Bovidae,Artiodactyla,37,184,15.38
541,QFDGKGGGPGPMGLMGPR,1058,1075,1,1759.82543702382,0,1,Budorcas taxicolor,Budorcas,Caprinae,Bovidae,Artiodactyla,17,186,4.12
542,QFDGKGGGPGPMGLMGPR,1058,1075,1,1790.82972102382,2,0,Budorcas taxicolor,Budorcas,Caprinae,Bovidae,Artiodactyla,17,186,6.09
543,QFDGKGGGPGPMGLMGPR,1058,1075,1,1807.80788702382,3,1,Budorcas taxicolor,Budorcas,Caprinae,Bovidae,Artiodactyla,17,186,8.72
544,QFDGKGGGPGPMGLMGPR,1058,1075,1,1774.83557102382,1,0,Budorcas taxicolor,Budorcas,Caprinae,Bovidae,Artiodactyla,17,186,43.23
545,GGGPGPMGLMGPR,1063,1075,0,1231.55350984715,3,0,Budorcas taxicolor,Budorcas,Caprinae,Bovidae,Artiodactyla,12,187,8.69
546,GGGPGPMGLMGPR,1063,1075,0,1215.55935984715,2,0,Budorcas taxicolor,Budorcas,Caprinae,Bovidae,Artiodactyla,12,187,30.36
547,GGGPGPMGLMGPR,1063,1075,0,1183.57105984715,0,0,Budorcas taxicolor,Budorcas,Caprinae,Bovidae,Artiodactyla,12,187,48.43
548,GGGPGPMGLMGPR,1063,1075,0,1199.56520984715,1,0,Budorcas taxicolor,Budorcas,Caprinae,Bovidae,Artiodactyla,12,187,66.17
549,GPPGASGAPGPQGFQGPPGEPGEPGQTGPAGAR,1076,1108,0,3017.3581723562797,5,0,Budorcas taxicolor,Budorcas,Caprinae,Bovidae,Artiodactyla,32,189,12.28
550,GPPGASGAPGPQGFQGPPGEPGEPGQTGPAGAR,1076,1108,0,3020.31022035628,5,3,Budorcas taxicolor,Budorcas,Caprinae,Bovidae,Artiodactyla,32,189,12.44
551,GPPGASGAPGPQGFQGPPGEPGEPGQTGPAGAR,1076,1108,0,3001.3640223562797,4,0,Budorcas taxicolor,Budorcas,Caprinae,Bovidae,Artiodactyla,32,189,12.5
552,GPPGASGAPGPQGFQGPPGEPGEPGQTGPAGAR,1076,1108,0,2987.33790435628,3,2,Budorcas taxicolor,Budorcas,Caprinae,Bovidae,Artiodactyla,32,189,14.21
553,GPPGASGAPGPQGFQGPPGEPGEPGQTGPAGAR,1076,1108,0,3003.33205435628,4,2,Budorcas taxicolor,Budorcas,Caprinae,Bovidae,Artiodactyla,32,189,14.58
554,GPPGASGAPGPQGFQGPPGEPGEPGQTGPAGAR,1076,1108,0,2985.36987235628,3,0,Budorcas taxicolor,Budorcas,Caprinae,Bovidae,Artiodactyla,32,189,17.79
555,GPPGASGAPGPQGFQGPPGEPGEPGQTGPAGAR,1076,1108,0,3033.3523223562797,6,0,Budorcas taxicolor,Budorcas,Caprinae,Bovidae,Artiodactyla,32,189,25.08
556,GPPGASGAPGPQGFQGPPGEPGEPGQTGPAGAR,1076,1108,0,3018.3421883562796,5,1,Budorcas taxicolor,Budorcas,Caprinae,Bovidae,Artiodactyla,32,189,25.86
557,GPPGASGAPGPQGFQGPPGEPGEPGQTGPAGAR,1076,1108,0,3002.3480383562796,4,1,Budorcas taxicolor,Budorcas,Caprinae,Bovidae,Artiodactyla,32,189,33.75
558,GPPGASGAPGPQGFQGPPGEPGEPGQTGPAGARGPPGPPGK,1076,1116,1,3674.70831392739,3,2,Budorcas taxicolor,Budorcas,Caprinae,Bovidae,Artiodactyla,40,190,3.61
559,GPPGPPGK,1109,1116,0,738.37655072158,2,0,Budorcas taxicolor,Budorcas,Caprinae,Bovidae,Artiodactyla,7,191,33.43
560,AGEDGHPGKPGRPGER,1117,1132,0,1664.771241204,3,0,Budorcas taxicolor,Budorcas,Caprinae,Bovidae,Artiodactyla,15,194,28.74
561,AGEDGHPGKPGRPGER,1117,1132,0,1648.777091204,2,0,Budorcas taxicolor,Budorcas,Caprinae,Bovidae,Artiodactyla,15,194,31.48
562,GVVGPQGAR,1133,1141,0,856.4627763005999,1,0,Budorcas taxicolor,Budorcas,Caprinae,Bovidae,Artiodactyla,8,199,1.51
563,GVVGPQGAR,1133,1141,0,841.4526423005999,0,1,Budorcas taxicolor,Budorcas,Caprinae,Bovidae,Artiodactyla,8,199,31.9
564,GVVGPQGAR,1133,1141,0,840.4686263005999,0,0,Budorcas taxicolor,Budorcas,Caprinae,Bovidae,Artiodactyla,8,199,45.85
565,GVVGPQGARGFPGTPGLPGFK,1133,1153,1,2028.06460601495,2,0,Budorcas taxicolor,Budorcas,Caprinae,Bovidae,Artiodactyla,20,200,7.55
566,GVVGPQGARGFPGTPGLPGFK,1133,1153,1,2061.03692201495,4,1,Budorcas taxicolor,Budorcas,Caprinae,Bovidae,Artiodactyla,20,200,8.59
567,GVVGPQGARGFPGTPGLPGFK,1133,1153,1,2044.05875601495,3,0,Budorcas taxicolor,Budorcas,Caprinae,Bovidae,Artiodactyla,20,200,9.94
568,GVVGPQGARGFPGTPGLPGFK,1133,1153,1,2060.05290601495,4,0,Budorcas taxicolor,Budorcas,Caprinae,Bovidae,Artiodactyla,20,200,10.17
569,GFPGTPGLPGFK,1142,1153,0,1206.61382086482,2,0,Budorcas taxicolor,Budorcas,Caprinae,Bovidae,Artiodactyla,11,201,44.11
570,GFPGTPGLPGFK,1142,1153,0,1222.60797086482,3,0,Budorcas taxicolor,Budorcas,Caprinae,Bovidae,Artiodactyla,11,201,48.02
571,GFPGTPGLPGFK,1142,1153,0,1238.60212086482,4,0,Budorcas taxicolor,Budorcas,Caprinae,Bovidae,Artiodactyla,11,201,62.8
572,GFPGTPGLPGFKGIR,1142,1156,1,1516.82630958612,1,0,Budorcas taxicolor,Budorcas,Caprinae,Bovidae,Artiodactyla,14,202,6.88
573,GFPGTPGLPGFKGIR,1142,1156,1,1532.82045958612,2,0,Budorcas taxicolor,Budorcas,Caprinae,Bovidae,Artiodactyla,14,202,16.51
574,GFPGTPGLPGFKGIR,1142,1156,1,1564.80875958612,4,0,Budorcas taxicolor,Budorcas,Caprinae,Bovidae,Artiodactyla,14,202,39.26
575,GFPGTPGLPGFKGIR,1142,1156,1,1548.81460958612,3,0,Budorcas taxicolor,Budorcas,Caprinae,Bovidae,Artiodactyla,14,202,41.9
576,GHNGLDGLK,1157,1165,0,926.46825560386,1,0,Budorcas taxicolor,Budorcas,Caprinae,Bovidae,Artiodactyla,8,204,29.04
577,GHNGLDGLK,1157,1165,0,911.45812160386,0,1,Budorcas taxicolor,Budorcas,Caprinae,Bovidae,Artiodactyla,8,204,31.09
578,GHNGLDGLK,1157,1165,0,927.45227160386,1,1,Budorcas taxicolor,Budorcas,Caprinae,Bovidae,Artiodactyla,8,204,34.83
579,GHNGLDGLK,1157,1165,0,910.47410560386,0,0,Budorcas taxicolor,Budorcas,Caprinae,Bovidae,Artiodactyla,8,204,35.13
580,GHNGLDGLKGQPGAPGVK,1157,1174,1,1735.85942468025,2,2,Budorcas taxicolor,Budorcas,Caprinae,Bovidae,Artiodactyla,17,205,13.3
581,GHNGLDGLKGQPGAPGVK,1157,1174,1,1765.87969268025,4,0,Budorcas taxicolor,Budorcas,Caprinae,Bovidae,Artiodactyla,17,205,16.28
582,GHNGLDGLKGQPGAPGVK,1157,1174,1,1751.85357468025,3,2,Budorcas taxicolor,Budorcas,Caprinae,Bovidae,Artiodactyla,17,205,17.73
583,GHNGLDGLKGQPGAPGVK,1157,1174,1,1766.86370868025,4,1,Budorcas taxicolor,Budorcas,Caprinae,Bovidae,Artiodactyla,17,205,20.16
584,GHNGLDGLKGQPGAPGVK,1157,1174,1,1750.86955868025,3,1,Budorcas taxicolor,Budorcas,Caprinae,Bovidae,Artiodactyla,17,205,23.96
585,GHNGLDGLKGQPGAPGVK,1157,1174,1,1733.89139268025,2,0,Budorcas taxicolor,Budorcas,Caprinae,Bovidae,Artiodactyla,17,205,24.21
586,GHNGLDGLKGQPGAPGVK,1157,1174,1,1718.88125868025,1,1,Budorcas taxicolor,Budorcas,Caprinae,Bovidae,Artiodactyla,17,205,24.88
587,GHNGLDGLKGQPGAPGVK,1157,1174,1,1734.87540868025,2,1,Budorcas taxicolor,Budorcas,Caprinae,Bovidae,Artiodactyla,17,205,28.84
588,GHNGLDGLKGQPGAPGVK,1157,1174,1,1749.88554268025,3,0,Budorcas taxicolor,Budorcas,Caprinae,Bovidae,Artiodactyla,17,205,34.92
589,GQPGAPGVKGEPGAPGENGTPGQTGAR,1166,1192,1,2492.17373874903,3,0,Budorcas taxicolor,Budorcas,Caprinae,Bovidae,Artiodactyla,26,207,0.29
590,GQPGAPGVKGEPGAPGENGTPGQTGAR,1166,1192,1,2478.14762074903,2,2,Budorcas taxicolor,Budorcas,Caprinae,Bovidae,Artiodactyla,26,207,7.9
591,GQPGAPGVKGEPGAPGENGTPGQTGAR,1166,1192,1,2524.1620387490298,5,0,Budorcas taxicolor,Budorcas,Caprinae,Bovidae,Artiodactyla,26,207,11.81
592,GQPGAPGVKGEPGAPGENGTPGQTGAR,1166,1192,1,2542.12422074903,6,2,Budorcas taxicolor,Budorcas,Caprinae,Bovidae,Artiodactyla,26,207,16.0
593,GQPGAPGVKGEPGAPGENGTPGQTGAR,1166,1192,1,2508.1678887490298,4,0,Budorcas taxicolor,Budorcas,Caprinae,Bovidae,Artiodactyla,26,207,27.62
594,GQPGAPGVKGEPGAPGENGTPGQTGAR,1166,1192,1,2540.1561887490298,6,0,Budorcas taxicolor,Budorcas,Caprinae,Bovidae,Artiodactyla,26,207,30.59
595,GQPGAPGVKGEPGAPGENGTPGQTGAR,1166,1192,1,2543.10823674903,6,3,Budorcas taxicolor,Budorcas,Caprinae,Bovidae,Artiodactyla,26,207,30.92
596,GQPGAPGVKGEPGAPGENGTPGQTGAR,1166,1192,1,2541.1402047490296,6,1,Budorcas taxicolor,Budorcas,Caprinae,Bovidae,Artiodactyla,26,207,35.05
597,GQPGAPGVKGEPGAPGENGTPGQTGAR,1166,1192,1,2525.1460547490296,5,1,Budorcas taxicolor,Budorcas,Caprinae,Bovidae,Artiodactyla,26,207,48.41
598,GEPGAPGENGTPGQTGAR,1175,1192,0,1686.71863367264,2,2,Budorcas taxicolor,Budorcas,Caprinae,Bovidae,Artiodactyla,17,210,23.68
599,GEPGAPGENGTPGQTGAR,1175,1192,0,1685.73461767264,2,1,Budorcas taxicolor,Budorcas,Caprinae,Bovidae,Artiodactyla,17,210,40.73
600,GEPGAPGENGTPGQTGAR,1175,1192,0,1702.71278367264,3,2,Budorcas taxicolor,Budorcas,Caprinae,Bovidae,Artiodactyla,17,210,59.27
601,GEPGAPGENGTPGQTGAR,1175,1192,0,1701.72876767264,3,1,Budorcas taxicolor,Budorcas,Caprinae,Bovidae,Artiodactyla,17,210,62.88
602,GEPGAPGENGTPGQTGAR,1175,1192,0,1700.74475167264,3,0,Budorcas taxicolor,Budorcas,Caprinae,Bovidae,Artiodactyla,17,210,75.72
603,GEPGAPGENGTPGQTGARGLPGER,1175,1198,1,2310.06821105133,3,0,Budorcas taxicolor,Budorcas,Caprinae,Bovidae,Artiodactyla,23,211,2.55
604,GEPGAPGENGTPGQTGARGLPGER,1175,1198,1,2312.03624305133,3,2,Budorcas taxicolor,Budorcas,Caprinae,Bovidae,Artiodactyla,23,211,6.23
605,GRVGAPGPAGAR,1199,1210,1,1065.59120104477,0,0,Budorcas taxicolor,Budorcas,Caprinae,Bovidae,Artiodactyla,11,213,4.97
606,GRVGAPGPAGAR,1199,1210,1,1081.58535104477,1,0,Budorcas taxicolor,Budorcas,Caprinae,Bovidae,Artiodactyla,11,213,66.0
607,VGAPGPAGAR,1201,1210,0,868.4627763005999,1,0,Budorcas taxicolor,Budorcas,Caprinae,Bovidae,Artiodactyla,9,214,65.19
608,VGAPGPAGARGSDGSVGPVGPAGPIGSAGPPGFPGAPGPK,1201,1240,1,3390.71816261797,1,0,Budorcas taxicolor,Budorcas,Caprinae,Bovidae,Artiodactyla,39,215,0.48
609,GSDGSVGPVGPAGPIGSAGPPGFPGAPGPK,1211,1240,0,2605.2498274678396,4,0,Budorcas taxicolor,Budorcas,Caprinae,Bovidae,Artiodactyla,29,216,53.17
610,GSDGSVGPVGPAGPIGSAGPPGFPGAPGPK,1211,1240,0,2589.2556774678396,3,0,Budorcas taxicolor,Budorcas,Caprinae,Bovidae,Artiodactyla,29,216,93.78
611,GSDGSVGPVGPAGPIGSAGPPGFPGAPGPK,1211,1240,0,2573.2615274678396,2,0,Budorcas taxicolor,Budorcas,Caprinae,Bovidae,Artiodactyla,29,216,97.83
612,GELGPVGNPGPAGPAGPR,1241,1258,0,1632.79609573039,2,1,Budorcas taxicolor,Budorcas,Caprinae,Bovidae,Artiodactyla,17,217,4.26
613,GELGPVGNPGPAGPAGPR,1241,1258,0,1648.79024573039,3,1,Budorcas taxicolor,Budorcas,Caprinae,Bovidae,Artiodactyla,17,217,5.83
614,GELGPVGNPGPAGPAGPR,1241,1258,0,1600.80779573039,0,1,Budorcas taxicolor,Budorcas,Caprinae,Bovidae,Artiodactyla,17,217,68.04
615,GELGPVGNPGPAGPAGPR,1241,1258,0,1631.81207973039,2,0,Budorcas taxicolor,Budorcas,Caprinae,Bovidae,Artiodactyla,17,217,70.39
616,GELGPVGNPGPAGPAGPR,1241,1258,0,1599.82377973039,0,0,Budorcas taxicolor,Budorcas,Caprinae,Bovidae,Artiodactyla,17,217,77.77
617,GELGPVGNPGPAGPAGPR,1241,1258,0,1615.81792973039,1,0,Budorcas taxicolor,Budorcas,Caprinae,Bovidae,Artiodactyla,17,217,78.28
618,GELGPVGNPGPAGPAGPR,1241,1258,0,1616.80194573039,1,1,Budorcas taxicolor,Budorcas,Caprinae,Bovidae,Artiodactyla,17,217,86.24
619,GEVGLPGLSGPVGPPGNPGANGLPGAK,1259,1285,0,2399.2186004440096,2,1,Budorcas taxicolor,Budorcas,Caprinae,Bovidae,Artiodactyla,26,218,13.97
620,GEVGLPGLSGPVGPPGNPGANGLPGAK,1259,1285,0,2446.2170344440096,5,0,Budorcas taxicolor,Budorcas,Caprinae,Bovidae,Artiodactyla,26,218,38.71
621,GEVGLPGLSGPVGPPGNPGANGLPGAK,1259,1285,0,2447.2010504440095,5,1,Budorcas taxicolor,Budorcas,Caprinae,Bovidae,Artiodactyla,26,218,51.38
622,GEVGLPGLSGPVGPPGNPGANGLPGAK,1259,1285,0,2448.18506644401,5,2,Budorcas taxicolor,Budorcas,Caprinae,Bovidae,Artiodactyla,26,218,52.88
623,GEVGLPGLSGPVGPPGNPGANGLPGAK,1259,1285,0,2415.2127504440095,3,1,Budorcas taxicolor,Budorcas,Caprinae,Bovidae,Artiodactyla,26,218,54.45
624,GEVGLPGLSGPVGPPGNPGANGLPGAK,1259,1285,0,2432.19091644401,4,2,Budorcas taxicolor,Budorcas,Caprinae,Bovidae,Artiodactyla,26,218,55.68
625,GEVGLPGLSGPVGPPGNPGANGLPGAK,1259,1285,0,2414.2287344440097,3,0,Budorcas taxicolor,Budorcas,Caprinae,Bovidae,Artiodactyla,26,218,60.38
626,GEVGLPGLSGPVGPPGNPGANGLPGAK,1259,1285,0,2430.2228844440097,4,0,Budorcas taxicolor,Budorcas,Caprinae,Bovidae,Artiodactyla,26,218,70.21
627,GEVGLPGLSGPVGPPGNPGANGLPGAK,1259,1285,0,2431.2069004440095,4,1,Budorcas taxicolor,Budorcas,Caprinae,Bovidae,Artiodactyla,26,218,74.15
628,GEVGLPGLSGPVGPPGNPGANGLPGAKGAAGLPGVAGAPGLPGPR,1259,1303,1,3991.99346219252,8,2,Budorcas taxicolor,Budorcas,Caprinae,Bovidae,Artiodactyla,44,219,0.39
629,GEVGLPGLSGPVGPPGNPGANGLPGAKGAAGLPGVAGAPGLPGPR,1259,1303,1,3975.01529619252,7,1,Budorcas taxicolor,Budorcas,Caprinae,Bovidae,Artiodactyla,44,219,22.58
630,GEVGLPGLSGPVGPPGNPGANGLPGAKGAAGLPGVAGAPGLPGPR,1259,1303,1,3990.02543019252,8,0,Budorcas taxicolor,Budorcas,Caprinae,Bovidae,Artiodactyla,44,219,25.14
631,GEVGLPGLSGPVGPPGNPGANGLPGAKGAAGLPGVAGAPGLPGPR,1259,1303,1,3991.00944619252,8,1,Budorcas taxicolor,Budorcas,Caprinae,Bovidae,Artiodactyla,44,219,33.13
632,GEVGLPGLSGPVGPPGNPGANGLPGAKGAAGLPGVAGAPGLPGPR,1259,1303,1,3974.03128019252,7,0,Budorcas taxicolor,Budorcas,Caprinae,Bovidae,Artiodactyla,44,219,39.3
633,GAAGLPGVAGAPGLPGPR,1286,1303,0,1578.82038689898,4,0,Budorcas taxicolor,Budorcas,Caprinae,Bovidae,Artiodactyla,17,220,4.48
634,GAAGLPGVAGAPGLPGPR,1286,1303,0,1562.82623689898,3,0,Budorcas taxicolor,Budorcas,Caprinae,Bovidae,Artiodactyla,17,220,84.12
635,GAAGLPGVAGAPGLPGPRGIPGPVGAAGATGAR,1286,1318,1,2811.4829557205,4,0,Budorcas taxicolor,Budorcas,Caprinae,Bovidae,Artiodactyla,32,221,13.67
636,GIPGPVGAAGATGAR,1304,1318,0,1283.66870997199,2,0,Budorcas taxicolor,Budorcas,Caprinae,Bovidae,Artiodactyla,14,222,77.96
637,GIPGPVGAAGATGAR,1304,1318,0,1267.67455997199,1,0,Budorcas taxicolor,Budorcas,Caprinae,Bovidae,Artiodactyla,14,222,79.72
638,GLVGEPGPAGSK,1319,1330,0,1100.55669991152,2,0,Budorcas taxicolor,Budorcas,Caprinae,Bovidae,Artiodactyla,11,223,46.18
639,GLVGEPGPAGSK,1319,1330,0,1084.56254991152,1,0,Budorcas taxicolor,Budorcas,Caprinae,Bovidae,Artiodactyla,11,223,64.88
640,GLVGEPGPAGSKGESGNK,1319,1336,1,1688.80628930004,3,0,Budorcas taxicolor,Budorcas,Caprinae,Bovidae,Artiodactyla,17,224,6.09
641,GLVGEPGPAGSKGESGNK,1319,1336,1,1656.81798930004,1,0,Budorcas taxicolor,Budorcas,Caprinae,Bovidae,Artiodactyla,17,224,12.77
642,GLVGEPGPAGSKGESGNK,1319,1336,1,1672.81213930004,2,0,Budorcas taxicolor,Budorcas,Caprinae,Bovidae,Artiodactyla,17,224,55.56
643,GESGNKGEPGAVGQPGPPGPSGEEGK,1331,1356,1,2409.0785377123893,2,1,Budorcas taxicolor,Budorcas,Caprinae,Bovidae,Artiodactyla,25,226,24.13
644,GESGNKGEPGAVGQPGPPGPSGEEGK,1331,1356,1,2393.0843877123893,1,1,Budorcas taxicolor,Budorcas,Caprinae,Bovidae,Artiodactyla,25,226,26.06
645,GESGNKGEPGAVGQPGPPGPSGEEGK,1331,1356,1,2392.1003717123895,1,0,Budorcas taxicolor,Budorcas,Caprinae,Bovidae,Artiodactyla,25,226,28.15
646,GESGNKGEPGAVGQPGPPGPSGEEGK,1331,1356,1,2408.0945217123895,2,0,Budorcas taxicolor,Budorcas,Caprinae,Bovidae,Artiodactyla,25,226,43.33
647,GESGNKGEPGAVGQPGPPGPSGEEGK,1331,1356,1,2424.0886717123894,3,0,Budorcas taxicolor,Budorcas,Caprinae,Bovidae,Artiodactyla,25,226,46.6
648,GEPGAVGQPGPPGPSGEEGK,1337,1356,0,1851.83323232387,3,0,Budorcas taxicolor,Budorcas,Caprinae,Bovidae,Artiodactyla,19,228,3.0
649,GEPGAVGQPGPPGPSGEEGK,1337,1356,0,1819.84493232387,1,0,Budorcas taxicolor,Budorcas,Caprinae,Bovidae,Artiodactyla,19,228,30.25
650,GEPGAVGQPGPPGPSGEEGK,1337,1356,0,1836.82309832387,2,1,Budorcas taxicolor,Budorcas,Caprinae,Bovidae,Artiodactyla,19,228,41.31
651,GEPGAVGQPGPPGPSGEEGK,1337,1356,0,1835.83908232387,2,0,Budorcas taxicolor,Budorcas,Caprinae,Bovidae,Artiodactyla,19,228,77.95
652,GEPGAVGQPGPPGPSGEEGKR,1337,1357,1,1992.92420934747,2,1,Budorcas taxicolor,Budorcas,Caprinae,Bovidae,Artiodactyla,20,229,7.5
653,GEPGAVGQPGPPGPSGEEGKR,1337,1357,1,2008.91835934747,3,1,Budorcas taxicolor,Budorcas,Caprinae,Bovidae,Artiodactyla,20,229,10.29
654,GEPGAVGQPGPPGPSGEEGKR,1337,1357,1,1975.94604334747,1,0,Budorcas taxicolor,Budorcas,Caprinae,Bovidae,Artiodactyla,20,229,16.68
655,GEPGAVGQPGPPGPSGEEGKR,1337,1357,1,2007.9343433474696,3,0,Budorcas taxicolor,Budorcas,Caprinae,Bovidae,Artiodactyla,20,229,17.91
656,GEPGAVGQPGPPGPSGEEGKR,1337,1357,1,1991.94019334747,2,0,Budorcas taxicolor,Budorcas,Caprinae,Bovidae,Artiodactyla,20,229,50.48
657,RGSTGEIGPAGPPGPPGLR,1357,1375,1,1804.92850646496,2,0,Budorcas taxicolor,Budorcas,Caprinae,Bovidae,Artiodactyla,18,231,49.19
658,RGSTGEIGPAGPPGPPGLR,1357,1375,1,1788.93435646496,1,0,Budorcas taxicolor,Budorcas,Caprinae,Bovidae,Artiodactyla,18,231,69.79
659,GSTGEIGPAGPPGPPGLR,1358,1375,0,1664.82154544136,3,0,Budorcas taxicolor,Budorcas,Caprinae,Bovidae,Artiodactyla,17,232,55.2
660,GSTGEIGPAGPPGPPGLR,1358,1375,0,1648.82739544136,2,0,Budorcas taxicolor,Budorcas,Caprinae,Bovidae,Artiodactyla,17,232,74.36
661,GSTGEIGPAGPPGPPGLR,1358,1375,0,1632.83324544136,1,0,Budorcas taxicolor,Budorcas,Caprinae,Bovidae,Artiodactyla,17,232,85.98
662,GSTGEIGPAGPPGPPGLRGNPGSR,1358,1381,1,2218.0831696003597,2,1,Budorcas taxicolor,Budorcas,Caprinae,Bovidae,Artiodactyla,23,233,12.11
663,GSTGEIGPAGPPGPPGLRGNPGSR,1358,1381,1,2233.09330360036,3,0,Budorcas taxicolor,Budorcas,Caprinae,Bovidae,Artiodactyla,23,233,19.78
664,GSTGEIGPAGPPGPPGLRGNPGSR,1358,1381,1,2217.09915360036,2,0,Budorcas taxicolor,Budorcas,Caprinae,Bovidae,Artiodactyla,23,233,38.53
665,GNPGSRGLPGADGR,1376,1389,1,1343.6283021293002,2,1,Budorcas taxicolor,Budorcas,Caprinae,Bovidae,Artiodactyla,13,237,5.81
666,GNPGSRGLPGADGR,1376,1389,1,1310.6559861293,0,0,Budorcas taxicolor,Budorcas,Caprinae,Bovidae,Artiodactyla,13,237,9.78
667,GNPGSRGLPGADGR,1376,1389,1,1342.6442861293,2,0,Budorcas taxicolor,Budorcas,Caprinae,Bovidae,Artiodactyla,13,237,40.43
668,GLPGADGR,1382,1389,0,742.3842279703,0,0,Budorcas taxicolor,Budorcas,Caprinae,Bovidae,Artiodactyla,7,238,11.61
669,GLPGADGR,1382,1389,0,758.3783779703,1,0,Budorcas taxicolor,Budorcas,Caprinae,Bovidae,Artiodactyla,7,238,43.29
670,GLPGADGRAGVMGPAGSR,1382,1399,1,1657.80594880413,2,0,Budorcas taxicolor,Budorcas,Caprinae,Bovidae,Artiodactyla,17,239,5.82
671,GLPGADGRAGVMGPAGSR,1382,1399,1,1673.80009880413,3,0,Budorcas taxicolor,Budorcas,Caprinae,Bovidae,Artiodactyla,17,239,12.68
672,GLPGADGRAGVMGPAGSR,1382,1399,1,1641.81179880413,1,0,Budorcas taxicolor,Budorcas,Caprinae,Bovidae,Artiodactyla,17,239,24.34
673,AGVMGPAGSR,1390,1399,0,902.4512619843,0,0,Budorcas taxicolor,Budorcas,Caprinae,Bovidae,Artiodactyla,9,240,46.79
674,AGVMGPAGSR,1390,1399,0,918.4454119843,1,0,Budorcas taxicolor,Budorcas,Caprinae,Bovidae,Artiodactyla,9,240,55.38
675,AGVMGPAGSR,1390,1399,0,934.4395619843,2,0,Budorcas taxicolor,Budorcas,Caprinae,Bovidae,Artiodactyla,9,240,74.19
676,AGVMGPAGSRGATGPAGVR,1390,1408,1,1716.84229796928,3,0,Budorcas taxicolor,Budorcas,Caprinae,Bovidae,Artiodactyla,18,241,4.38
677,AGVMGPAGSRGATGPAGVR,1390,1408,1,1700.84814796928,2,0,Budorcas taxicolor,Budorcas,Caprinae,Bovidae,Artiodactyla,18,241,8.2
678,AGVMGPAGSRGATGPAGVR,1390,1408,1,1684.85399796928,1,0,Budorcas taxicolor,Budorcas,Caprinae,Bovidae,Artiodactyla,18,241,15.34
679,AGVMGPAGSRGATGPAGVR,1390,1408,1,1668.85984796928,0,0,Budorcas taxicolor,Budorcas,Caprinae,Bovidae,Artiodactyla,18,241,45.1
680,GATGPAGVR,1400,1408,0,801.4205771354499,1,0,Budorcas taxicolor,Budorcas,Caprinae,Bovidae,Artiodactyla,8,242,34.86
681,GATGPAGVR,1400,1408,0,785.4264271354499,0,0,Budorcas taxicolor,Budorcas,Caprinae,Bovidae,Artiodactyla,8,242,48.72
682,GATGPAGVRGPSGDSGRPGEPGLMGPR,1400,1426,1,2522.2149287119296,2,0,Budorcas taxicolor,Budorcas,Caprinae,Bovidae,Artiodactyla,26,243,6.83
683,GPSGDSGRPGEPGLMGPR,1409,1426,0,1771.80049272695,3,0,Budorcas taxicolor,Budorcas,Caprinae,Bovidae,Artiodactyla,17,245,38.95
684,GPSGDSGRPGEPGLMGPR,1409,1426,0,1787.79464272695,4,0,Budorcas taxicolor,Budorcas,Caprinae,Bovidae,Artiodactyla,17,245,42.4
685,GPSGDSGRPGEPGLMGPR,1409,1426,0,1755.80634272695,2,0,Budorcas taxicolor,Budorcas,Caprinae,Bovidae,Artiodactyla,17,245,42.7
686,GPSGDSGRPGEPGLMGPRGFPGSPGNIGPAGK,1409,1440,1,3040.41391341059,5,0,Budorcas taxicolor,Budorcas,Caprinae,Bovidae,Artiodactyla,31,246,3.26
687,GFPGSPGNIGPAGK,1427,1440,0,1271.63711183411,1,0,Budorcas taxicolor,Budorcas,Caprinae,Bovidae,Artiodactyla,13,250,5.1
688,GFPGSPGNIGPAGK,1427,1440,0,1272.6211278341102,1,1,Budorcas taxicolor,Budorcas,Caprinae,Bovidae,Artiodactyla,13,250,6.03
689,GFPGSPGNIGPAGK,1427,1440,0,1303.62541183411,3,0,Budorcas taxicolor,Budorcas,Caprinae,Bovidae,Artiodactyla,13,250,14.11
690,GFPGSPGNIGPAGK,1427,1440,0,1288.6152778341102,2,1,Budorcas taxicolor,Budorcas,Caprinae,Bovidae,Artiodactyla,13,250,76.33
691,GFPGSPGNIGPAGK,1427,1440,0,1287.63126183411,2,0,Budorcas taxicolor,Budorcas,Caprinae,Bovidae,Artiodactyla,13,250,87.34
692,GFPGSPGNIGPAGKEGPAGLPGIDGRPGPIGPAGAR,1427,1462,1,3344.6572185668697,6,0,Budorcas taxicolor,Budorcas,Caprinae,Bovidae,Artiodactyla,35,252,7.03
693,GFPGSPGNIGPAGKEGPAGLPGIDGRPGPIGPAGAR,1427,1462,1,3297.6587845668696,3,1,Budorcas taxicolor,Budorcas,Caprinae,Bovidae,Artiodactyla,35,252,25.48
694,EGPAGLPGIDGRPGPIGPAGAR,1441,1462,0,2092.03794788323,5,0,Budorcas taxicolor,Budorcas,Caprinae,Bovidae,Artiodactyla,21,254,0.12
695,EGPAGLPGIDGRPGPIGPAGAR,1441,1462,0,2076.04379788323,4,0,Budorcas taxicolor,Budorcas,Caprinae,Bovidae,Artiodactyla,21,254,22.95
696,EGPAGLPGIDGRPGPIGPAGAR,1441,1462,0,2060.04964788323,3,0,Budorcas taxicolor,Budorcas,Caprinae,Bovidae,Artiodactyla,21,254,36.84
697,EGPAGLPGIDGRPGPIGPAGAR,1441,1462,0,2044.05549788323,2,0,Budorcas taxicolor,Budorcas,Caprinae,Bovidae,Artiodactyla,21,254,45.4
698,EGPAGLPGIDGRPGPIGPAGAR,1441,1462,0,2028.0613478832304,1,0,Budorcas taxicolor,Budorcas,Caprinae,Bovidae,Artiodactyla,21,254,49.61
699,GEPGNIGFPGPK,1463,1474,0,1170.57896501253,0,1,Budorcas taxicolor,Budorcas,Caprinae,Bovidae,Artiodactyla,11,257,9.85
700,GEPGNIGFPGPK,1463,1474,0,1218.56141501253,3,1,Budorcas taxicolor,Budorcas,Caprinae,Bovidae,Artiodactyla,11,257,26.62
701,GEPGNIGFPGPK,1463,1474,0,1217.57739901253,3,0,Budorcas taxicolor,Budorcas,Caprinae,Bovidae,Artiodactyla,11,257,34.82
702,GEPGNIGFPGPK,1463,1474,0,1202.56726501253,2,1,Budorcas taxicolor,Budorcas,Caprinae,Bovidae,Artiodactyla,11,257,59.48
703,GEPGNIGFPGPK,1463,1474,0,1186.57311501253,1,1,Budorcas taxicolor,Budorcas,Caprinae,Bovidae,Artiodactyla,11,257,64.42
704,GEPGNIGFPGPK,1463,1474,0,1201.58324901253,2,0,Budorcas taxicolor,Budorcas,Caprinae,Bovidae,Artiodactyla,11,257,72.34
705,GEPGNIGFPGPK,1463,1474,0,1185.58909901253,1,0,Budorcas taxicolor,Budorcas,Caprinae,Bovidae,Artiodactyla,11,257,73.09
706,GEPGNIGFPGPKGPTGDPGKPGEK,1463,1486,1,2306.1403860495698,1,0,Budorcas taxicolor,Budorcas,Caprinae,Bovidae,Artiodactyla,23,259,2.17
707,GPTGDPGKPGEK,1475,1486,0,1139.56912818751,0,0,Budorcas taxicolor,Budorcas,Caprinae,Bovidae,Artiodactyla,11,261,19.03
708,GPTGDPGKPGEK,1475,1486,0,1155.56327818751,1,0,Budorcas taxicolor,Budorcas,Caprinae,Bovidae,Artiodactyla,11,261,31.28
709,GPTGDPGKPGEK,1475,1486,0,1171.55742818751,2,0,Budorcas taxicolor,Budorcas,Caprinae,Bovidae,Artiodactyla,11,261,34.11
710,GPTGDPGKPGEKGHAGLAGPR,1475,1495,1,1956.00459762667,0,0,Budorcas taxicolor,Budorcas,Caprinae,Bovidae,Artiodactyla,20,262,37.12
711,GPTGDPGKPGEKGHAGLAGPR,1475,1495,1,1971.99874762667,1,0,Budorcas taxicolor,Budorcas,Caprinae,Bovidae,Artiodactyla,20,262,95.96
712,GHAGLAGPR,1487,1495,0,851.4474605896299,1,0,Budorcas taxicolor,Budorcas,Caprinae,Bovidae,Artiodactyla,8,265,6.18
713,GHAGLAGPR,1487,1495,0,835.45331058963,0,0,Budorcas taxicolor,Budorcas,Caprinae,Bovidae,Artiodactyla,8,265,36.32
714,GAPGPDGNNGAQGPPGLQGVQGGK,1496,1519,0,2182.9347989264897,3,5,Budorcas taxicolor,Budorcas,Caprinae,Bovidae,Artiodactyla,23,266,1.51
715,GAPGPDGNNGAQGPPGLQGVQGGK,1496,1519,0,2179.98275092649,3,2,Budorcas taxicolor,Budorcas,Caprinae,Bovidae,Artiodactyla,23,266,2.4
716,GAPGPDGNNGAQGPPGLQGVQGGK,1496,1519,0,2178.01471892649,3,0,Budorcas taxicolor,Budorcas,Caprinae,Bovidae,Artiodactyla,23,266,17.69
717,GAPGPDGNNGAQGPPGLQGVQGGK,1496,1519,0,2178.9987349264898,3,1,Budorcas taxicolor,Budorcas,Caprinae,Bovidae,Artiodactyla,23,266,28.18
718,GAPGPDGNNGAQGPPGLQGVQGGK,1496,1519,0,2163.0045849264898,2,1,Budorcas taxicolor,Budorcas,Caprinae,Bovidae,Artiodactyla,23,266,60.71
719,GAPGPDGNNGAQGPPGLQGVQGGK,1496,1519,0,2163.98860092649,2,2,Budorcas taxicolor,Budorcas,Caprinae,Bovidae,Artiodactyla,23,266,74.14
720,GAPGPDGNNGAQGPPGLQGVQGGK,1496,1519,0,2162.02056892649,2,0,Budorcas taxicolor,Budorcas,Caprinae,Bovidae,Artiodactyla,23,266,78.36
721,GEQGPAGPPGFQGLPGPAGTAGEAGKPGER,1520,1549,0,2857.2817472587094,7,1,Budorcas taxicolor,Budorcas,Caprinae,Bovidae,Artiodactyla,29,267,1.98
722,GEQGPAGPPGFQGLPGPAGTAGEAGKPGER,1520,1549,0,2777.3109972587094,2,1,Budorcas taxicolor,Budorcas,Caprinae,Bovidae,Artiodactyla,29,267,3.43
723,GEQGPAGPPGFQGLPGPAGTAGEAGKPGER,1520,1549,0,2809.2992972587094,4,1,Budorcas taxicolor,Budorcas,Caprinae,Bovidae,Artiodactyla,29,267,4.71
724,GEQGPAGPPGFQGLPGPAGTAGEAGKPGER,1520,1549,0,2761.3168472587095,1,1,Budorcas taxicolor,Budorcas,Caprinae,Bovidae,Artiodactyla,29,267,4.92
725,GEQGPAGPPGFQGLPGPAGTAGEAGKPGER,1520,1549,0,2776.3269812587096,2,0,Budorcas taxicolor,Budorcas,Caprinae,Bovidae,Artiodactyla,29,267,5.94
726,GEQGPAGPPGFQGLPGPAGTAGEAGKPGER,1520,1549,0,2794.28916325871,3,2,Budorcas taxicolor,Budorcas,Caprinae,Bovidae,Artiodactyla,29,267,26.26
727,GEQGPAGPPGFQGLPGPAGTAGEAGKPGER,1520,1549,0,2792.3211312587096,3,0,Budorcas taxicolor,Budorcas,Caprinae,Bovidae,Artiodactyla,29,267,58.32
728,GEQGPAGPPGFQGLPGPAGTAGEAGKPGER,1520,1549,0,2793.3051472587094,3,1,Budorcas taxicolor,Budorcas,Caprinae,Bovidae,Artiodactyla,29,267,65.11
729,GIPGEFGLPGPAGAR,1550,1564,0,1443.72037484811,3,0,Budorcas taxicolor,Budorcas,Caprinae,Bovidae,Artiodactyla,14,269,58.94
730,GIPGEFGLPGPAGAR,1550,1564,0,1411.73207484811,1,0,Budorcas taxicolor,Budorcas,Caprinae,Bovidae,Artiodactyla,14,269,65.55
731,GIPGEFGLPGPAGAR,1550,1564,0,1427.72622484811,2,0,Budorcas taxicolor,Budorcas,Caprinae,Bovidae,Artiodactyla,14,269,74.83
732,GIPGEFGLPGPAGARGER,1550,1567,1,1785.88554268025,3,0,Budorcas taxicolor,Budorcas,Caprinae,Bovidae,Artiodactyla,17,270,32.26
733,GIPGEFGLPGPAGARGER,1550,1567,1,1769.89139268025,2,0,Budorcas taxicolor,Budorcas,Caprinae,Bovidae,Artiodactyla,17,270,41.63
734,GERGPPGESGAAGPTGPIGSR,1565,1585,1,1906.9365776365,0,0,Budorcas taxicolor,Budorcas,Caprinae,Bovidae,Artiodactyla,20,271,0.47
735,GERGPPGESGAAGPTGPIGSR,1565,1585,1,1938.9248776365,2,0,Budorcas taxicolor,Budorcas,Caprinae,Bovidae,Artiodactyla,20,271,28.98
736,GERGPPGESGAAGPTGPIGSR,1565,1585,1,1922.9307276365,1,0,Budorcas taxicolor,Budorcas,Caprinae,Bovidae,Artiodactyla,20,271,62.71
737,GPPGESGAAGPTGPIGSR,1568,1585,0,1596.75970980436,2,0,Budorcas taxicolor,Budorcas,Caprinae,Bovidae,Artiodactyla,17,272,45.45
738,GPPGESGAAGPTGPIGSR,1568,1585,0,1580.76555980436,1,0,Budorcas taxicolor,Budorcas,Caprinae,Bovidae,Artiodactyla,17,272,85.13
739,GPPGESGAAGPTGPIGSRGPSGPPGPDGNK,1568,1597,1,2705.2359319652796,5,0,Budorcas taxicolor,Budorcas,Caprinae,Bovidae,Artiodactyla,29,273,0.96
740,GPPGESGAAGPTGPIGSRGPSGPPGPDGNK,1568,1597,1,2641.2593319652797,1,0,Budorcas taxicolor,Budorcas,Caprinae,Bovidae,Artiodactyla,29,273,2.07
741,GPPGESGAAGPTGPIGSRGPSGPPGPDGNK,1568,1597,1,2657.2534819652797,2,0,Budorcas taxicolor,Budorcas,Caprinae,Bovidae,Artiodactyla,29,273,3.23
742,GPSGPPGPDGNK,1586,1597,0,1127.4940633113902,3,0,Budorcas taxicolor,Budorcas,Caprinae,Bovidae,Artiodactyla,11,274,8.6
743,GPSGPPGPDGNK,1586,1597,0,1079.5116133113902,0,0,Budorcas taxicolor,Budorcas,Caprinae,Bovidae,Artiodactyla,11,274,26.63
744,GPSGPPGPDGNK,1586,1597,0,1095.5057633113902,1,0,Budorcas taxicolor,Budorcas,Caprinae,Bovidae,Artiodactyla,11,274,40.89
745,GPSGPPGPDGNKGEPGVVGAPGTAGPSGPSGLPGER,1586,1621,1,3259.50519416922,6,0,Budorcas taxicolor,Budorcas,Caprinae,Bovidae,Artiodactyla,35,275,0.33
746,GPSGPPGPDGNKGEPGVVGAPGTAGPSGPSGLPGER,1586,1621,1,3196.51261016922,2,1,Budorcas taxicolor,Budorcas,Caprinae,Bovidae,Artiodactyla,35,275,1.58
747,GPSGPPGPDGNKGEPGVVGAPGTAGPSGPSGLPGER,1586,1621,1,3243.51104416922,5,0,Budorcas taxicolor,Budorcas,Caprinae,Bovidae,Artiodactyla,35,275,21.91
748,GPSGPPGPDGNKGEPGVVGAPGTAGPSGPSGLPGER,1586,1621,1,3244.49506016922,5,1,Budorcas taxicolor,Budorcas,Caprinae,Bovidae,Artiodactyla,35,275,29.2
749,GPSGPPGPDGNKGEPGVVGAPGTAGPSGPSGLPGER,1586,1621,1,3212.50676016922,3,1,Budorcas taxicolor,Budorcas,Caprinae,Bovidae,Artiodactyla,35,275,30.96
750,GPSGPPGPDGNKGEPGVVGAPGTAGPSGPSGLPGER,1586,1621,1,3227.51689416922,4,0,Budorcas taxicolor,Budorcas,Caprinae,Bovidae,Artiodactyla,35,275,43.62
751,GPSGPPGPDGNKGEPGVVGAPGTAGPSGPSGLPGER,1586,1621,1,3228.50091016922,4,1,Budorcas taxicolor,Budorcas,Caprinae,Bovidae,Artiodactyla,35,275,53.71
752,GPSGPPGPDGNKGEPGVVGAPGTAGPSGPSGLPGER,1586,1621,1,3195.52859416922,2,0,Budorcas taxicolor,Budorcas,Caprinae,Bovidae,Artiodactyla,35,275,56.7
753,GPSGPPGPDGNKGEPGVVGAPGTAGPSGPSGLPGER,1586,1621,1,3211.52274416922,3,0,Budorcas taxicolor,Budorcas,Caprinae,Bovidae,Artiodactyla,35,275,85.83
754,GEPGVVGAPGTAGPSGPSGLPGER,1598,1621,0,2151.0289720082997,3,0,Budorcas taxicolor,Budorcas,Caprinae,Bovidae,Artiodactyla,23,277,55.87
755,GEPGVVGAPGTAGPSGPSGLPGER,1598,1621,0,2119.0406720082997,1,0,Budorcas taxicolor,Budorcas,Caprinae,Bovidae,Artiodactyla,23,277,61.25
756,GEPGVVGAPGTAGPSGPSGLPGER,1598,1621,0,2135.0348220082997,2,0,Budorcas taxicolor,Budorcas,Caprinae,Bovidae,Artiodactyla,23,277,74.77
757,GAAGIPGGK,1622,1630,0,727.40971444215,0,0,Budorcas taxicolor,Budorcas,Caprinae,Bovidae,Artiodactyla,8,279,0.32
758,GAAGIPGGK,1622,1630,0,743.4038644421499,1,0,Budorcas taxicolor,Budorcas,Caprinae,Bovidae,Artiodactyla,8,279,32.44
759,GAAGIPGGKGEK,1622,1633,1,1073.55703426469,2,0,Budorcas taxicolor,Budorcas,Caprinae,Bovidae,Artiodactyla,11,280,17.47
760,GAAGIPGGKGEK,1622,1633,1,1089.55118426469,3,0,Budorcas taxicolor,Budorcas,Caprinae,Bovidae,Artiodactyla,11,280,21.13
761,GAAGIPGGKGEK,1622,1633,1,1057.56288426469,1,0,Budorcas taxicolor,Budorcas,Caprinae,Bovidae,Artiodactyla,11,280,31.79
762,GEKGETGLR,1631,1639,1,962.4893849712598,1,0,Budorcas taxicolor,Budorcas,Caprinae,Bovidae,Artiodactyla,8,282,31.81
763,GETGLRGDVGSPGR,1634,1647,1,1373.67601652397,1,0,Budorcas taxicolor,Budorcas,Caprinae,Bovidae,Artiodactyla,13,283,36.22
764,GETGLRGDVGSPGR,1634,1647,1,1357.68186652397,0,0,Budorcas taxicolor,Budorcas,Caprinae,Bovidae,Artiodactyla,13,283,38.01
765,GDVGSPGR,1640,1647,0,760.3576425257199,1,0,Budorcas taxicolor,Budorcas,Caprinae,Bovidae,Artiodactyla,7,286,34.4
766,GDVGSPGR,1640,1647,0,744.36349252572,0,0,Budorcas taxicolor,Budorcas,Caprinae,Bovidae,Artiodactyla,7,286,36.03
767,GDVGSPGRDGAR,1640,1651,1,1143.55012407843,0,0,Budorcas taxicolor,Budorcas,Caprinae,Bovidae,Artiodactyla,11,287,14.59
768,GDVGSPGRDGAR,1640,1651,1,1159.54427407843,1,0,Budorcas taxicolor,Budorcas,Caprinae,Bovidae,Artiodactyla,11,287,19.96
769,GAPGAVGAPGPAGANGDR,1652,1669,0,1539.71232934555,3,0,Budorcas taxicolor,Budorcas,Caprinae,Bovidae,Artiodactyla,17,289,68.54
770,GAPGAVGAPGPAGANGDR,1652,1669,0,1524.70219534555,2,1,Budorcas taxicolor,Budorcas,Caprinae,Bovidae,Artiodactyla,17,289,76.17
771,GAPGAVGAPGPAGANGDR,1652,1669,0,1523.71817934555,2,0,Budorcas taxicolor,Budorcas,Caprinae,Bovidae,Artiodactyla,17,289,79.68
772,GAPGAVGAPGPAGANGDRGEAGPAGPAGPAGPR,1652,1684,1,2798.3170125942097,4,0,Budorcas taxicolor,Budorcas,Caprinae,Bovidae,Artiodactyla,32,290,27.97
773,GAPGAVGAPGPAGANGDRGEAGPAGPAGPAGPR,1652,1684,1,2782.3228625942097,3,0,Budorcas taxicolor,Budorcas,Caprinae,Bovidae,Artiodactyla,32,290,35.25
774,GAPGAVGAPGPAGANGDRGEAGPAGPAGPAGPR,1652,1684,1,2767.3127285942096,2,1,Budorcas taxicolor,Budorcas,Caprinae,Bovidae,Artiodactyla,32,290,46.9
775,GAPGAVGAPGPAGANGDRGEAGPAGPAGPAGPR,1652,1684,1,2766.3287125942097,2,0,Budorcas taxicolor,Budorcas,Caprinae,Bovidae,Artiodactyla,32,290,59.7
776,GEAGPAGPAGPAGPR,1670,1684,0,1309.61082439913,3,0,Budorcas taxicolor,Budorcas,Caprinae,Bovidae,Artiodactyla,14,291,9.06
777,GEAGPAGPAGPAGPR,1670,1684,0,1293.61667439913,2,0,Budorcas taxicolor,Budorcas,Caprinae,Bovidae,Artiodactyla,14,291,12.5
778,GEAGPAGPAGPAGPR,1670,1684,0,1277.62252439913,1,0,Budorcas taxicolor,Budorcas,Caprinae,Bovidae,Artiodactyla,14,291,54.84
779,GEAGPAGPAGPAGPR,1670,1684,0,1261.62837439913,0,0,Budorcas taxicolor,Budorcas,Caprinae,Bovidae,Artiodactyla,14,291,76.52
780,GEAGPAGPAGPAGPRGSPGER,1670,1690,1,1876.88809820496,2,0,Budorcas taxicolor,Budorcas,Caprinae,Bovidae,Artiodactyla,20,292,3.52
781,GEAGPAGPAGPAGPRGSPGER,1670,1690,1,1892.88224820496,3,0,Budorcas taxicolor,Budorcas,Caprinae,Bovidae,Artiodactyla,20,292,5.68
782,GEAGPAGPAGPAGPRGSPGER,1670,1690,1,1860.89394820496,1,0,Budorcas taxicolor,Budorcas,Caprinae,Bovidae,Artiodactyla,20,292,10.48
783,GSPGERGEVGPAGPNGFAGPAGAAGQPGAK,1685,1714,1,2619.2546176988894,0,1,Budorcas taxicolor,Budorcas,Caprinae,Bovidae,Artiodactyla,29,293,1.53
784,GSPGERGEVGPAGPNGFAGPAGAAGQPGAK,1685,1714,1,2666.2530516988895,3,0,Budorcas taxicolor,Budorcas,Caprinae,Bovidae,Artiodactyla,29,293,32.28
785,GSPGERGEVGPAGPNGFAGPAGAAGQPGAK,1685,1714,1,2651.2429176988894,2,1,Budorcas taxicolor,Budorcas,Caprinae,Bovidae,Artiodactyla,29,293,59.56
786,GSPGERGEVGPAGPNGFAGPAGAAGQPGAK,1685,1714,1,2650.2589016988895,2,0,Budorcas taxicolor,Budorcas,Caprinae,Bovidae,Artiodactyla,29,293,60.01
787,GEVGPAGPNGFAGPAGAAGQPGAK,1691,1714,0,2115.95394389306,5,1,Budorcas taxicolor,Budorcas,Caprinae,Bovidae,Artiodactyla,23,295,0.55
788,GEVGPAGPNGFAGPAGAAGQPGAK,1691,1714,0,2050.9933278930603,1,0,Budorcas taxicolor,Budorcas,Caprinae,Bovidae,Artiodactyla,23,295,66.87
789,GEVGPAGPNGFAGPAGAAGQPGAK,1691,1714,0,2068.9555098930605,2,2,Budorcas taxicolor,Budorcas,Caprinae,Bovidae,Artiodactyla,23,295,70.34
790,GEVGPAGPNGFAGPAGAAGQPGAK,1691,1714,0,2067.97149389306,2,1,Budorcas taxicolor,Budorcas,Caprinae,Bovidae,Artiodactyla,23,295,72.48
791,GEVGPAGPNGFAGPAGAAGQPGAK,1691,1714,0,2034.99917789306,0,0,Budorcas taxicolor,Budorcas,Caprinae,Bovidae,Artiodactyla,23,295,73.24
792,GEVGPAGPNGFAGPAGAAGQPGAK,1691,1714,0,2052.9613598930605,1,2,Budorcas taxicolor,Budorcas,Caprinae,Bovidae,Artiodactyla,23,295,80.91
793,GEVGPAGPNGFAGPAGAAGQPGAK,1691,1714,0,2066.9874778930603,2,0,Budorcas taxicolor,Budorcas,Caprinae,Bovidae,Artiodactyla,23,295,82.34
794,GEVGPAGPNGFAGPAGAAGQPGAK,1691,1714,0,2036.96720989306,0,2,Budorcas taxicolor,Budorcas,Caprinae,Bovidae,Artiodactyla,23,295,83.1
795,GEVGPAGPNGFAGPAGAAGQPGAK,1691,1714,0,2035.98319389306,0,1,Budorcas taxicolor,Budorcas,Caprinae,Bovidae,Artiodactyla,23,295,87.76
796,GEVGPAGPNGFAGPAGAAGQPGAK,1691,1714,0,2051.97734389306,1,1,Budorcas taxicolor,Budorcas,Caprinae,Bovidae,Artiodactyla,23,295,88.39
797,GEVGPAGPNGFAGPAGAAGQPGAKGER,1691,1717,1,2378.1483617251997,0,1,Budorcas taxicolor,Budorcas,Caprinae,Bovidae,Artiodactyla,26,296,4.57
798,GEVGPAGPNGFAGPAGAAGQPGAKGER,1691,1717,1,2395.1265277252,1,2,Budorcas taxicolor,Budorcas,Caprinae,Bovidae,Artiodactyla,26,296,21.73
799,GEVGPAGPNGFAGPAGAAGQPGAKGER,1691,1717,1,2393.1584957252,1,0,Budorcas taxicolor,Budorcas,Caprinae,Bovidae,Artiodactyla,26,296,32.4
800,GEVGPAGPNGFAGPAGAAGQPGAKGER,1691,1717,1,2426.1308117251997,3,1,Budorcas taxicolor,Budorcas,Caprinae,Bovidae,Artiodactyla,26,296,39.08
801,GEVGPAGPNGFAGPAGAAGQPGAKGER,1691,1717,1,2409.1526457252,2,0,Budorcas taxicolor,Budorcas,Caprinae,Bovidae,Artiodactyla,26,296,43.92
802,GEVGPAGPNGFAGPAGAAGQPGAKGER,1691,1717,1,2394.1425117251997,1,1,Budorcas taxicolor,Budorcas,Caprinae,Bovidae,Artiodactyla,26,296,46.37
803,GEVGPAGPNGFAGPAGAAGQPGAKGER,1691,1717,1,2411.1206777252,2,2,Budorcas taxicolor,Budorcas,Caprinae,Bovidae,Artiodactyla,26,296,54.36
804,GEVGPAGPNGFAGPAGAAGQPGAKGER,1691,1717,1,2427.1148277252,3,2,Budorcas taxicolor,Budorcas,Caprinae,Bovidae,Artiodactyla,26,296,60.6
805,GEVGPAGPNGFAGPAGAAGQPGAKGER,1691,1717,1,2410.1366617251997,2,1,Budorcas taxicolor,Budorcas,Caprinae,Bovidae,Artiodactyla,26,296,91.46
806,GPKGENGPVGPTGPVGAAGPSGPNGPPGPAGSR,1721,1753,1,2848.3972591813,0,1,Budorcas taxicolor,Budorcas,Caprinae,Bovidae,Artiodactyla,32,300,8.46
807,GPKGENGPVGPTGPVGAAGPSGPNGPPGPAGSR,1721,1753,1,2863.4073931813,1,0,Budorcas taxicolor,Budorcas,Caprinae,Bovidae,Artiodactyla,32,300,14.13
808,GPKGENGPVGPTGPVGAAGPSGPNGPPGPAGSR,1721,1753,1,2897.3637251813,3,2,Budorcas taxicolor,Budorcas,Caprinae,Bovidae,Artiodactyla,32,300,43.95
809,GPKGENGPVGPTGPVGAAGPSGPNGPPGPAGSR,1721,1753,1,2865.3754251813,1,2,Budorcas taxicolor,Budorcas,Caprinae,Bovidae,Artiodactyla,32,300,71.46
810,GPKGENGPVGPTGPVGAAGPSGPNGPPGPAGSR,1721,1753,1,2864.3914091813,1,1,Budorcas taxicolor,Budorcas,Caprinae,Bovidae,Artiodactyla,32,300,76.0
811,GPKGENGPVGPTGPVGAAGPSGPNGPPGPAGSR,1721,1753,1,2880.3855591813,2,1,Budorcas taxicolor,Budorcas,Caprinae,Bovidae,Artiodactyla,32,300,77.11
812,GPKGENGPVGPTGPVGAAGPSGPNGPPGPAGSR,1721,1753,1,2881.3695751813,2,2,Budorcas taxicolor,Budorcas,Caprinae,Bovidae,Artiodactyla,32,300,79.77
813,GPKGENGPVGPTGPVGAAGPSGPNGPPGPAGSR,1721,1753,1,2879.4015431813,2,0,Budorcas taxicolor,Budorcas,Caprinae,Bovidae,Artiodactyla,32,300,81.31
814,GENGPVGPTGPVGAAGPSGPNGPPGPAGSR,1724,1753,0,2613.22650259788,3,0,Budorcas taxicolor,Budorcas,Caprinae,Bovidae,Artiodactyla,29,301,2.47
815,GENGPVGPTGPVGAAGPSGPNGPPGPAGSR,1724,1753,0,2581.23820259788,1,0,Budorcas taxicolor,Budorcas,Caprinae,Bovidae,Artiodactyla,29,301,73.53
816,GENGPVGPTGPVGAAGPSGPNGPPGPAGSR,1724,1753,0,2582.22221859788,1,1,Budorcas taxicolor,Budorcas,Caprinae,Bovidae,Artiodactyla,29,301,82.17
817,GENGPVGPTGPVGAAGPSGPNGPPGPAGSR,1724,1753,0,2583.20623459788,1,2,Budorcas taxicolor,Budorcas,Caprinae,Bovidae,Artiodactyla,29,301,105.58
818,GDGGPPGATGFPGAAGR,1754,1770,0,1489.66431652397,3,0,Budorcas taxicolor,Budorcas,Caprinae,Bovidae,Artiodactyla,16,302,75.95
819,GDGGPPGATGFPGAAGR,1754,1770,0,1457.67601652397,1,0,Budorcas taxicolor,Budorcas,Caprinae,Bovidae,Artiodactyla,16,302,86.43
820,GDGGPPGATGFPGAAGR,1754,1770,0,1473.67016652397,2,0,Budorcas taxicolor,Budorcas,Caprinae,Bovidae,Artiodactyla,16,302,90.0
821,TGPPGPAGISGPPGPPGPAGK,1771,1791,0,1909.87050941849,9,0,Budorcas taxicolor,Budorcas,Caprinae,Bovidae,Artiodactyla,20,303,1.57
822,TGPPGPAGISGPPGPPGPAGK,1771,1791,0,1893.87635941849,8,0,Budorcas taxicolor,Budorcas,Caprinae,Bovidae,Artiodactyla,20,303,1.8
823,TGPPGPAGISGPPGPPGPAGK,1771,1791,0,1845.89390941849,5,0,Budorcas taxicolor,Budorcas,Caprinae,Bovidae,Artiodactyla,20,303,9.89
824,TGPPGPAGISGPPGPPGPAGK,1771,1791,0,1797.91145941849,2,0,Budorcas taxicolor,Budorcas,Caprinae,Bovidae,Artiodactyla,20,303,17.5
825,TGPPGPAGISGPPGPPGPAGK,1771,1791,0,1813.90560941849,3,0,Budorcas taxicolor,Budorcas,Caprinae,Bovidae,Artiodactyla,20,303,69.82
826,TGPPGPAGISGPPGPPGPAGK,1771,1791,0,1829.89975941849,4,0,Budorcas taxicolor,Budorcas,Caprinae,Bovidae,Artiodactyla,20,303,76.72
827,TGPPGPAGISGPPGPPGPAGKEGLR,1771,1795,1,2269.15484122776,3,0,Budorcas taxicolor,Budorcas,Caprinae,Bovidae,Artiodactyla,24,304,6.52
828,TGPPGPAGISGPPGPPGPAGKEGLR,1771,1795,1,2301.14314122776,5,0,Budorcas taxicolor,Budorcas,Caprinae,Bovidae,Artiodactyla,24,304,12.56
829,EGLRGPR,1792,1798,1,800.4365615527598,1,0,Budorcas taxicolor,Budorcas,Caprinae,Bovidae,Artiodactyla,6,305,6.63
830,EGLRGPR,1792,1798,1,784.4424115527598,0,0,Budorcas taxicolor,Budorcas,Caprinae,Bovidae,Artiodactyla,6,305,26.98
831,GPRGDQGPVGR,1796,1806,1,1128.5376962197502,2,1,Budorcas taxicolor,Budorcas,Caprinae,Bovidae,Artiodactyla,10,307,0.25
832,GPRGDQGPVGR,1796,1806,1,1112.5435462197502,1,1,Budorcas taxicolor,Budorcas,Caprinae,Bovidae,Artiodactyla,10,307,1.57
833,GPRGDQGPVGR,1796,1806,1,1127.55368021975,2,0,Budorcas taxicolor,Budorcas,Caprinae,Bovidae,Artiodactyla,10,307,10.64
834,GPRGDQGPVGR,1796,1806,1,1095.56538021975,0,0,Budorcas taxicolor,Budorcas,Caprinae,Bovidae,Artiodactyla,10,307,50.53
835,GDQGPVGR,1799,1806,0,801.38419162673,1,0,Budorcas taxicolor,Budorcas,Caprinae,Bovidae,Artiodactyla,7,308,5.99
836,GDQGPVGR,1799,1806,0,786.37405762673,0,1,Budorcas taxicolor,Budorcas,Caprinae,Bovidae,Artiodactyla,7,308,36.31
837,GDQGPVGR,1799,1806,0,785.39004162673,0,0,Budorcas taxicolor,Budorcas,Caprinae,Bovidae,Artiodactyla,7,308,45.93
838,TGEPGAAGPPGFLGEK,1807,1822,0,1484.73798441776,0,0,Budorcas taxicolor,Budorcas,Caprinae,Bovidae,Artiodactyla,15,310,47.36
839,TGEPGAAGPPGFLGEK,1807,1822,0,1516.72628441776,2,0,Budorcas taxicolor,Budorcas,Caprinae,Bovidae,Artiodactyla,15,310,56.65
840,TGEPGAAGPPGFLGEK,1807,1822,0,1500.73213441776,1,0,Budorcas taxicolor,Budorcas,Caprinae,Bovidae,Artiodactyla,15,310,80.82
841,GPSGEPGTAGPPGTPGPQGLLGAPGFLGLPGSR,1823,1855,0,3002.4831116206797,3,1,Budorcas taxicolor,Budorcas,Caprinae,Bovidae,Artiodactyla,32,311,5.14
842,GPSGEPGTAGPPGTPGPQGLLGAPGFLGLPGSR,1823,1855,0,3001.49909562068,3,0,Budorcas taxicolor,Budorcas,Caprinae,Bovidae,Artiodactyla,32,311,11.36
843,GPSGEPGTAGPPGTPGPQGLLGAPGFLGLPGSR,1823,1855,0,2985.50494562068,2,0,Budorcas taxicolor,Budorcas,Caprinae,Bovidae,Artiodactyla,32,311,19.53
844,GPSGEPGTAGPPGTPGPQGLLGAPGFLGLPGSR,1823,1855,0,3018.4772616206797,4,1,Budorcas taxicolor,Budorcas,Caprinae,Bovidae,Artiodactyla,32,311,27.82
845,GPSGEPGTAGPPGTPGPQGLLGAPGFLGLPGSR,1823,1855,0,3034.4714116206796,5,1,Budorcas taxicolor,Budorcas,Caprinae,Bovidae,Artiodactyla,32,311,31.67
846,GPSGEPGTAGPPGTPGPQGLLGAPGFLGLPGSR,1823,1855,0,3033.48739562068,5,0,Budorcas taxicolor,Budorcas,Caprinae,Bovidae,Artiodactyla,32,311,36.36
847,GPSGEPGTAGPPGTPGPQGLLGAPGFLGLPGSR,1823,1855,0,3017.49324562068,4,0,Budorcas taxicolor,Budorcas,Caprinae,Bovidae,Artiodactyla,32,311,46.09
848,GPSGEPGTAGPPGTPGPQGLLGAPGFLGLPGSRGER,1823,1858,1,3375.65256345282,5,0,Budorcas taxicolor,Budorcas,Caprinae,Bovidae,Artiodactyla,35,312,52.14
849,GERGLPGVAGSVGEPGPLGIAGPPGAR,1856,1882,1,2489.27123161876,4,0,Budorcas taxicolor,Budorcas,Caprinae,Bovidae,Artiodactyla,26,313,0.23
850,GERGLPGVAGSVGEPGPLGIAGPPGAR,1856,1882,1,2473.27708161876,3,0,Budorcas taxicolor,Budorcas,Caprinae,Bovidae,Artiodactyla,26,313,80.92
851,GLPGVAGSVGEPGPLGIAGPPGAR,1859,1882,0,2163.10021378662,5,0,Budorcas taxicolor,Budorcas,Caprinae,Bovidae,Artiodactyla,23,314,0.33
852,GLPGVAGSVGEPGPLGIAGPPGAR,1859,1882,0,2099.12361378662,1,0,Budorcas taxicolor,Budorcas,Caprinae,Bovidae,Artiodactyla,23,314,64.94
853,GLPGVAGSVGEPGPLGIAGPPGAR,1859,1882,0,2147.10606378662,4,0,Budorcas taxicolor,Budorcas,Caprinae,Bovidae,Artiodactyla,23,314,67.52
854,GLPGVAGSVGEPGPLGIAGPPGAR,1859,1882,0,2115.11776378662,2,0,Budorcas taxicolor,Budorcas,Caprinae,Bovidae,Artiodactyla,23,314,121.37
855,GLPGVAGSVGEPGPLGIAGPPGAR,1859,1882,0,2131.11191378662,3,0,Budorcas taxicolor,Budorcas,Caprinae,Bovidae,Artiodactyla,23,314,136.03
856,GLPGVAGSVGEPGPLGIAGPPGARGPPGNVGNPGVNGAPGEAGR,1859,1902,1,3933.9392070564,6,0,Budorcas taxicolor,Budorcas,Caprinae,Bovidae,Artiodactyla,43,315,31.54
857,GLPGVAGSVGEPGPLGIAGPPGARGPPGNVGNPGVNGAPGEAGR,1859,1902,1,3918.9290730564,5,1,Budorcas taxicolor,Budorcas,Caprinae,Bovidae,Artiodactyla,43,315,34.8
858,GPPGNVGNPGVNGAPGEAGR,1883,1902,0,1807.81901642025,2,2,Budorcas taxicolor,Budorcas,Caprinae,Bovidae,Artiodactyla,19,316,0.04
859,GPPGNVGNPGVNGAPGEAGR,1883,1902,0,1839.80731642025,4,2,Budorcas taxicolor,Budorcas,Caprinae,Bovidae,Artiodactyla,19,316,2.38
860,GPPGNVGNPGVNGAPGEAGR,1883,1902,0,1837.83928442025,4,0,Budorcas taxicolor,Budorcas,Caprinae,Bovidae,Artiodactyla,19,316,2.7
861,GPPGNVGNPGVNGAPGEAGR,1883,1902,0,1823.81316642025,3,2,Budorcas taxicolor,Budorcas,Caprinae,Bovidae,Artiodactyla,19,316,51.92
862,GPPGNVGNPGVNGAPGEAGR,1883,1902,0,1824.7971824202505,3,3,Budorcas taxicolor,Budorcas,Caprinae,Bovidae,Artiodactyla,19,316,57.39
863,GPPGNVGNPGVNGAPGEAGR,1883,1902,0,1805.85098442025,2,0,Budorcas taxicolor,Budorcas,Caprinae,Bovidae,Artiodactyla,19,316,78.69
864,GPPGNVGNPGVNGAPGEAGR,1883,1902,0,1806.8350004202505,2,1,Budorcas taxicolor,Budorcas,Caprinae,Bovidae,Artiodactyla,19,316,83.24
865,GPPGNVGNPGVNGAPGEAGR,1883,1902,0,1821.84513442025,3,0,Budorcas taxicolor,Budorcas,Caprinae,Bovidae,Artiodactyla,19,316,91.49
866,GPPGNVGNPGVNGAPGEAGR,1883,1902,0,1822.8291504202505,3,1,Budorcas taxicolor,Budorcas,Caprinae,Bovidae,Artiodactyla,19,316,93.42
867,GPPGNVGNPGVNGAPGEAGRDGNPGNDGPPGR,1883,1914,1,2940.31999880262,2,1,Budorcas taxicolor,Budorcas,Caprinae,Bovidae,Artiodactyla,31,317,1.36
868,GPPGNVGNPGVNGAPGEAGRDGNPGNDGPPGR,1883,1914,1,3005.28061480262,6,2,Budorcas taxicolor,Budorcas,Caprinae,Bovidae,Artiodactyla,31,317,3.33
869,GPPGNVGNPGVNGAPGEAGRDGNPGNDGPPGR,1883,1914,1,3006.26463080262,6,3,Budorcas taxicolor,Budorcas,Caprinae,Bovidae,Artiodactyla,31,317,6.6
870,GPPGNVGNPGVNGAPGEAGRDGNPGNDGPPGR,1883,1914,1,2955.33013280262,3,0,Budorcas taxicolor,Budorcas,Caprinae,Bovidae,Artiodactyla,31,317,13.86
871,GPPGNVGNPGVNGAPGEAGRDGNPGNDGPPGR,1883,1914,1,2989.28646480262,5,2,Budorcas taxicolor,Budorcas,Caprinae,Bovidae,Artiodactyla,31,317,14.48
872,GPPGNVGNPGVNGAPGEAGRDGNPGNDGPPGR,1883,1914,1,2987.31843280262,5,0,Budorcas taxicolor,Budorcas,Caprinae,Bovidae,Artiodactyla,31,317,21.11
873,GPPGNVGNPGVNGAPGEAGRDGNPGNDGPPGR,1883,1914,1,2971.32428280262,4,0,Budorcas taxicolor,Budorcas,Caprinae,Bovidae,Artiodactyla,31,317,23.32
874,GPPGNVGNPGVNGAPGEAGRDGNPGNDGPPGR,1883,1914,1,2973.29231480262,4,2,Budorcas taxicolor,Budorcas,Caprinae,Bovidae,Artiodactyla,31,317,23.49
875,GPPGNVGNPGVNGAPGEAGRDGNPGNDGPPGR,1883,1914,1,2972.30829880262,4,1,Budorcas taxicolor,Budorcas,Caprinae,Bovidae,Artiodactyla,31,317,25.25
876,GPPGNVGNPGVNGAPGEAGRDGNPGNDGPPGR,1883,1914,1,2956.31414880262,3,1,Budorcas taxicolor,Budorcas,Caprinae,Bovidae,Artiodactyla,31,317,34.81
877,GPPGNVGNPGVNGAPGEAGRDGNPGNDGPPGR,1883,1914,1,2988.30244880262,5,1,Budorcas taxicolor,Budorcas,Caprinae,Bovidae,Artiodactyla,31,317,35.2
878,GPPGNVGNPGVNGAPGEAGRDGNPGNDGPPGR,1883,1914,1,2939.33598280262,2,0,Budorcas taxicolor,Budorcas,Caprinae,Bovidae,Artiodactyla,31,317,42.56
879,DGNPGNDGPPGR,1903,1914,0,1186.4591715328402,2,2,Budorcas taxicolor,Budorcas,Caprinae,Bovidae,Artiodactyla,11,319,2.05
880,DGNPGNDGPPGR,1903,1914,0,1201.4693055328405,3,1,Budorcas taxicolor,Budorcas,Caprinae,Bovidae,Artiodactyla,11,319,6.44
881,DGNPGNDGPPGR,1903,1914,0,1153.4868555328403,0,1,Budorcas taxicolor,Budorcas,Caprinae,Bovidae,Artiodactyla,11,319,7.48
882,DGNPGNDGPPGR,1903,1914,0,1200.4852895328402,3,0,Budorcas taxicolor,Budorcas,Caprinae,Bovidae,Artiodactyla,11,319,12.65
883,DGNPGNDGPPGR,1903,1914,0,1185.4751555328403,2,1,Budorcas taxicolor,Budorcas,Caprinae,Bovidae,Artiodactyla,11,319,33.61
884,DGNPGNDGPPGR,1903,1914,0,1152.5028395328402,0,0,Budorcas taxicolor,Budorcas,Caprinae,Bovidae,Artiodactyla,11,319,40.64
885,DGNPGNDGPPGR,1903,1914,0,1169.4810055328403,1,1,Budorcas taxicolor,Budorcas,Caprinae,Bovidae,Artiodactyla,11,319,43.68
886,DGNPGNDGPPGR,1903,1914,0,1184.4911395328402,2,0,Budorcas taxicolor,Budorcas,Caprinae,Bovidae,Artiodactyla,11,319,57.44
887,DGNPGNDGPPGR,1903,1914,0,1168.4969895328402,1,0,Budorcas taxicolor,Budorcas,Caprinae,Bovidae,Artiodactyla,11,319,62.97
888,DGNPGNDGPPGRDGQPGHK,1903,1921,1,1873.80595822439,0,2,Budorcas taxicolor,Budorcas,Caprinae,Bovidae,Artiodactyla,18,320,2.57
889,DGNPGNDGPPGRDGQPGHK,1903,1921,1,1906.77827422439,2,3,Budorcas taxicolor,Budorcas,Caprinae,Bovidae,Artiodactyla,18,320,3.58
890,DGNPGNDGPPGRDGQPGHK,1903,1921,1,1903.82622622439,2,0,Budorcas taxicolor,Budorcas,Caprinae,Bovidae,Artiodactyla,18,320,8.78
891,DGNPGNDGPPGRDGQPGHK,1903,1921,1,1919.82037622439,3,0,Budorcas taxicolor,Budorcas,Caprinae,Bovidae,Artiodactyla,18,320,15.43
892,DGQPGHK,1915,1921,0,770.34122784202,2,0,Budorcas taxicolor,Budorcas,Caprinae,Bovidae,Artiodactyla,6,322,17.49
893,DGQPGHK,1915,1921,0,754.34707784202,1,0,Budorcas taxicolor,Budorcas,Caprinae,Bovidae,Artiodactyla,6,322,37.57
894,DGQPGHKGER,1915,1924,1,1080.51809567416,0,0,Budorcas taxicolor,Budorcas,Caprinae,Bovidae,Artiodactyla,9,323,18.14
895,DGQPGHKGER,1915,1924,1,1096.51224567416,1,0,Budorcas taxicolor,Budorcas,Caprinae,Bovidae,Artiodactyla,9,323,28.77
896,DGQPGHKGER,1915,1924,1,1112.50639567416,2,0,Budorcas taxicolor,Budorcas,Caprinae,Bovidae,Artiodactyla,9,323,34.64
897,DGQPGHKGER,1915,1924,1,1097.49626167416,1,1,Budorcas taxicolor,Budorcas,Caprinae,Bovidae,Artiodactyla,9,323,57.41
898,GYPGNAGPVGAAGAPGPQGPVGPTGK,1925,1950,0,2279.1028056549,3,0,Budorcas taxicolor,Budorcas,Caprinae,Bovidae,Artiodactyla,25,325,5.73
899,GYPGNAGPVGAAGAPGPQGPVGPTGK,1925,1950,0,2280.0868216548997,3,1,Budorcas taxicolor,Budorcas,Caprinae,Bovidae,Artiodactyla,25,325,15.44
900,GYPGNAGPVGAAGAPGPQGPVGPTGK,1925,1950,0,2311.0911056549,5,0,Budorcas taxicolor,Budorcas,Caprinae,Bovidae,Artiodactyla,25,325,21.05
901,GYPGNAGPVGAAGAPGPQGPVGPTGK,1925,1950,0,2247.1145056549,1,0,Budorcas taxicolor,Budorcas,Caprinae,Bovidae,Artiodactyla,25,325,22.21
902,GYPGNAGPVGAAGAPGPQGPVGPTGK,1925,1950,0,2264.0926716548997,2,1,Budorcas taxicolor,Budorcas,Caprinae,Bovidae,Artiodactyla,25,325,45.9
903,GYPGNAGPVGAAGAPGPQGPVGPTGK,1925,1950,0,2295.0969556549,4,0,Budorcas taxicolor,Budorcas,Caprinae,Bovidae,Artiodactyla,25,325,50.98
904,GYPGNAGPVGAAGAPGPQGPVGPTGK,1925,1950,0,2263.1086556549,2,0,Budorcas taxicolor,Budorcas,Caprinae,Bovidae,Artiodactyla,25,325,87.12
905,GYPGNAGPVGAAGAPGPQGPVGPTGK,1925,1950,0,2265.0766876549,2,2,Budorcas taxicolor,Budorcas,Caprinae,Bovidae,Artiodactyla,25,325,89.4
906,HGSRGEPGPVGAVGPAGAVGPR,1951,1972,1,2030.01393108085,3,0,Budorcas taxicolor,Budorcas,Caprinae,Bovidae,Artiodactyla,21,326,6.93
907,HGSRGEPGPVGAVGPAGAVGPR,1951,1972,1,1998.02563108085,1,0,Budorcas taxicolor,Budorcas,Caprinae,Bovidae,Artiodactyla,21,326,69.87
908,GEPGPVGAVGPAGAVGPR,1955,1972,0,1576.80626607396,2,0,Budorcas taxicolor,Budorcas,Caprinae,Bovidae,Artiodactyla,17,327,37.5
909,GEPGPVGAVGPAGAVGPR,1955,1972,0,1544.81796607396,0,0,Budorcas taxicolor,Budorcas,Caprinae,Bovidae,Artiodactyla,17,327,82.79
910,GEPGPVGAVGPAGAVGPR,1955,1972,0,1560.81211607396,1,0,Budorcas taxicolor,Budorcas,Caprinae,Bovidae,Artiodactyla,17,327,92.01
911,GEPGPVGAVGPAGAVGPRGPSGPQGIR,1955,1981,1,2410.25781584365,1,0,Budorcas taxicolor,Budorcas,Caprinae,Bovidae,Artiodactyla,26,328,10.77
912,GEPGPVGAVGPAGAVGPRGPSGPQGIR,1955,1981,1,2411.24183184365,1,1,Budorcas taxicolor,Budorcas,Caprinae,Bovidae,Artiodactyla,26,328,34.6
913,GPSGPQGIR,1973,1981,0,884.45769092016,1,0,Budorcas taxicolor,Budorcas,Caprinae,Bovidae,Artiodactyla,8,329,13.94
914,GPSGPQGIR,1973,1981,0,885.44170692016,1,1,Budorcas taxicolor,Budorcas,Caprinae,Bovidae,Artiodactyla,8,329,32.02
915,GPSGPQGIR,1973,1981,0,869.44755692016,0,1,Budorcas taxicolor,Budorcas,Caprinae,Bovidae,Artiodactyla,8,329,49.99
916,GPSGPQGIR,1973,1981,0,868.46354092016,0,0,Budorcas taxicolor,Budorcas,Caprinae,Bovidae,Artiodactyla,8,329,68.2
917,GPSGPQGIRGDK,1973,1984,1,1169.5909266785602,0,1,Budorcas taxicolor,Budorcas,Caprinae,Bovidae,Artiodactyla,11,330,2.46
918,GPSGPQGIRGDK,1973,1984,1,1185.5850766785602,1,1,Budorcas taxicolor,Budorcas,Caprinae,Bovidae,Artiodactyla,11,330,5.51
919,GPSGPQGIRGDK,1973,1984,1,1184.60106067856,1,0,Budorcas taxicolor,Budorcas,Caprinae,Bovidae,Artiodactyla,11,330,9.06
920,GPSGPQGIRGDK,1973,1984,1,1168.60691067856,0,0,Budorcas taxicolor,Budorcas,Caprinae,Bovidae,Artiodactyla,11,330,29.7
921,GEPGDKGPR,1985,1993,1,912.45337015928,0,0,Budorcas taxicolor,Budorcas,Caprinae,Bovidae,Artiodactyla,8,333,16.48
922,GDKGEPGDK,1982,1990,1,902.42140132466,0,0,Budorcas taxicolor,Budorcas,Caprinae,Bovidae,Artiodactyla,8,333,16.48
923,GPRGLPGLK,1991,1999,1,926.54026200174,2,0,Budorcas taxicolor,Budorcas,Caprinae,Bovidae,Artiodactyla,8,335,7.67
924,GPRGLPGLK,1991,1999,1,910.54611200174,1,0,Budorcas taxicolor,Budorcas,Caprinae,Bovidae,Artiodactyla,8,335,33.8
925,GEPGDKGPR,1985,1993,1,928.44752015928,1,0,Budorcas taxicolor,Budorcas,Caprinae,Bovidae,Artiodactyla,8,335,33.8
926,GLPGLKGHNGLQGLPGLAGHHGDQGAPGAVGPAGPR,1994,2029,1,3367.68673106752,3,2,Budorcas taxicolor,Budorcas,Caprinae,Bovidae,Artiodactyla,35,337,3.1
927,GLPGLKGHNGLQGLPGLAGHHGDQGAPGAVGPAGPR,1994,2029,1,3400.65904706752,5,3,Budorcas taxicolor,Budorcas,Caprinae,Bovidae,Artiodactyla,35,337,3.38
928,GLPGLKGHNGLQGLPGLAGHHGDQGAPGAVGPAGPR,1994,2029,1,3336.68244706752,1,3,Budorcas taxicolor,Budorcas,Caprinae,Bovidae,Artiodactyla,35,337,5.16
929,GLPGLKGHNGLQGLPGLAGHHGDQGAPGAVGPAGPR,1994,2029,1,3319.70428106752,0,2,Budorcas taxicolor,Budorcas,Caprinae,Bovidae,Artiodactyla,35,337,7.85
930,GLPGLKGHNGLQGLPGLAGHHGDQGAPGAVGPAGPR,1994,2029,1,3366.70271506752,3,1,Budorcas taxicolor,Budorcas,Caprinae,Bovidae,Artiodactyla,35,337,20.16
931,GHNGLQGLPGLAGHHGDQGAPGAVGPAGPR,2000,2029,0,2754.34549880927,0,2,Budorcas taxicolor,Budorcas,Caprinae,Bovidae,Artiodactyla,29,338,0.9
932,GHNGLQGLPGLAGHHGDQGAPGAVGPAGPR,2000,2029,0,2786.33379880927,2,2,Budorcas taxicolor,Budorcas,Caprinae,Bovidae,Artiodactyla,29,338,6.95
933,GHNGLQGLPGLAGHHGDQGAPGAVGPAGPR,2000,2029,0,2800.3599168092696,3,0,Budorcas taxicolor,Budorcas,Caprinae,Bovidae,Artiodactyla,29,338,12.95
934,GHNGLQGLPGLAGHHGDQGAPGAVGPAGPR,2000,2029,0,2768.3716168092697,1,0,Budorcas taxicolor,Budorcas,Caprinae,Bovidae,Artiodactyla,29,338,27.32
935,GHNGLQGLPGLAGHHGDQGAPGAVGPAGPR,2000,2029,0,2753.3614828092695,0,1,Budorcas taxicolor,Budorcas,Caprinae,Bovidae,Artiodactyla,29,338,28.05
936,GHNGLQGLPGLAGHHGDQGAPGAVGPAGPR,2000,2029,0,2769.3556328092695,1,1,Budorcas taxicolor,Budorcas,Caprinae,Bovidae,Artiodactyla,29,338,32.86
937,GHNGLQGLPGLAGHHGDQGAPGAVGPAGPR,2000,2029,0,2787.3178148092697,2,3,Budorcas taxicolor,Budorcas,Caprinae,Bovidae,Artiodactyla,29,338,37.44
938,GHNGLQGLPGLAGHHGDQGAPGAVGPAGPR,2000,2029,0,2784.3657668092696,2,0,Budorcas taxicolor,Budorcas,Caprinae,Bovidae,Artiodactyla,29,338,41.05
939,GHNGLQGLPGLAGHHGDQGAPGAVGPAGPR,2000,2029,0,2785.3497828092695,2,1,Budorcas taxicolor,Budorcas,Caprinae,Bovidae,Artiodactyla,29,338,42.26
940,GPAGPTGPAGK,2030,2040,0,957.46130663113,3,0,Budorcas taxicolor,Budorcas,Caprinae,Bovidae,Artiodactyla,10,339,12.98
941,GPAGPTGPAGK,2030,2040,0,941.46715663113,2,0,Budorcas taxicolor,Budorcas,Caprinae,Bovidae,Artiodactyla,10,339,40.53
942,GPAGPTGPAGK,2030,2040,0,925.47300663113,1,0,Budorcas taxicolor,Budorcas,Caprinae,Bovidae,Artiodactyla,10,339,43.69
943,GPAGPTGPAGK,2030,2040,0,909.47885663113,0,0,Budorcas taxicolor,Budorcas,Caprinae,Bovidae,Artiodactyla,10,339,63.59
944,GPAGPTGPAGKDGR,2030,2043,1,1269.61667439913,2,0,Budorcas taxicolor,Budorcas,Caprinae,Bovidae,Artiodactyla,13,340,4.97
945,GPAGPTGPAGKDGR,2030,2043,1,1253.62252439913,1,0,Budorcas taxicolor,Budorcas,Caprinae,Bovidae,Artiodactyla,13,340,60.82
946,GPAGPTGPAGKDGR,2030,2043,1,1237.62837439913,0,0,Budorcas taxicolor,Budorcas,Caprinae,Bovidae,Artiodactyla,13,340,68.44
947,DGRTGQPGAVGPAGIR,2041,2056,1,1509.7768299552802,0,1,Budorcas taxicolor,Budorcas,Caprinae,Bovidae,Artiodactyla,15,342,21.75
948,DGRTGQPGAVGPAGIR,2041,2056,1,1508.79281395528,0,0,Budorcas taxicolor,Budorcas,Caprinae,Bovidae,Artiodactyla,15,342,49.78
949,DGRTGQPGAVGPAGIR,2041,2056,1,1525.7709799552802,1,1,Budorcas taxicolor,Budorcas,Caprinae,Bovidae,Artiodactyla,15,342,50.66
950,DGRTGQPGAVGPAGIR,2041,2056,1,1524.78696395528,1,0,Budorcas taxicolor,Budorcas,Caprinae,Bovidae,Artiodactyla,15,342,51.0
951,TGQPGAVGPAGIR,2044,2056,0,1196.63744618728,1,0,Budorcas taxicolor,Budorcas,Caprinae,Bovidae,Artiodactyla,12,343,60.07
952,TGQPGAVGPAGIR,2044,2056,0,1197.62146218728,1,1,Budorcas taxicolor,Budorcas,Caprinae,Bovidae,Artiodactyla,12,343,62.45
953,TGQPGAVGPAGIR,2044,2056,0,1181.62731218728,0,1,Budorcas taxicolor,Budorcas,Caprinae,Bovidae,Artiodactyla,12,343,65.03
954,TGQPGAVGPAGIR,2044,2056,0,1180.64329618728,0,0,Budorcas taxicolor,Budorcas,Caprinae,Bovidae,Artiodactyla,12,343,69.73
955,GSQGSQGPAGPPGPPGPPGPPGPSGGGYDFGFDGDFYR,2057,2094,0,3619.577000913619,2,0,Budorcas taxicolor,Budorcas,Caprinae,Bovidae,Artiodactyla,37,344,14.55
956,GSQGSQGPAGPPGPPGPPGPPGPSGGGYDFGFDGDFYR,2057,2094,0,3652.5493169136194,4,1,Budorcas taxicolor,Budorcas,Caprinae,Bovidae,Artiodactyla,37,344,15.11
957,GSQGSQGPAGPPGPPGPPGPPGPSGGGYDFGFDGDFYR,2057,2094,0,3635.571150913619,3,0,Budorcas taxicolor,Budorcas,Caprinae,Bovidae,Artiodactyla,37,344,50.32
958,GSQGSQGPAGPPGPPGPPGPPGPSGGGYDFGFDGDFYR,2057,2094,0,3651.565300913619,4,0,Budorcas taxicolor,Budorcas,Caprinae,Bovidae,Artiodactyla,37,344,52.38
959,GSQGSQGPAGPPGPPGPPGPPGPSGGGYDFGFDGDFYRA,2057,2095,1,3723.5864306983294,4,1,Budorcas taxicolor,Budorcas,Caprinae,Bovidae,Artiodactyla,38,345,1.09
960,GSQGSQGPAGPPGPPGPPGPPGPSGGGYDFGFDGDFYRA,2057,2095,1,3739.5805806983294,5,1,Budorcas taxicolor,Budorcas,Caprinae,Bovidae,Artiodactyla,38,345,17.15
961,GSQGSQGPAGPPGPPGPPGPPGPSGGGYDFGFDGDFYRA,2057,2095,1,3691.5981306983294,2,1,Budorcas taxicolor,Budorcas,Caprinae,Bovidae,Artiodactyla,38,345,23.01
962,GSQGSQGPAGPPGPPGPPGPPGPSGGGYDFGFDGDFYRA,2057,2095,1,3706.6082646983295,3,0,Budorcas taxicolor,Budorcas,Caprinae,Bovidae,Artiodactyla,38,345,40.93
963,GSQGSQGPAGPPGPPGPPGPPGPSGGGYDFGFDGDFYRA,2057,2095,1,3722.6024146983295,4,0,Budorcas taxicolor,Budorcas,Caprinae,Bovidae,Artiodactyla,38,345,47.93
